7 0.512500 0.087732 0.742857 0.141227
0 0.117857 0.266762 0.028571 0.034237
1 0.487500 0.324536 0.028571 0.035663
0 0.840179 0.276748 0.048214 0.019971
0 0.841071 0.252496 0.046429 0.019971
0 0.791964 0.252496 0.048214 0.019971
0 0.791071 0.275321 0.050000 0.019971
1 0.793750 0.325250 0.044643 0.019971
1 0.908929 0.456491 0.046429 0.019971
1 0.738393 0.592011 0.023214 0.034237
1 0.571429 0.536377 0.025000 0.034237
1 0.514286 0.564194 0.025000 0.035663
1 0.460714 0.533524 0.025000 0.037090
1 0.434821 0.498573 0.044643 0.021398
1 0.358929 0.562767 0.042857 0.018545
1 0.546429 0.466476 0.046429 0.019971
1 0.454464 0.471469 0.044643 0.021398
7 0.508036 0.908702 0.741071 0.145506
0 0.080357 0.479315 0.100000 0.057061
0 0.084821 0.373039 0.023214 0.038516
0 0.116071 0.372325 0.021429 0.034237
1 0.230357 0.267475 0.046429 0.021398
1 0.268750 0.355920 0.023214 0.035663
1 0.320536 0.424394 0.044643 0.018545
1 0.434821 0.358060 0.026786 0.037090
1 0.517857 0.375892 0.025000 0.035663
1 0.491964 0.375892 0.019643 0.035663
1 0.651786 0.354494 0.046429 0.021398
1 0.654464 0.454351 0.041071 0.021398
1 0.676786 0.484308 0.046429 0.021398
1 0.612500 0.462197 0.025000 0.037090
1 0.633929 0.496434 0.042857 0.019971
1 0.621429 0.516405 0.046429 0.019971
1 0.567857 0.497147 0.021429 0.035663
1 0.590179 0.478602 0.023214 0.038516
1 0.660714 0.580599 0.025000 0.034237
1 0.585714 0.641227 0.025000 0.035663
1 0.555357 0.632668 0.021429 0.035663
1 0.495536 0.623395 0.026786 0.037090
1 0.460714 0.596291 0.025000 0.034237
1 0.534821 0.534950 0.023214 0.037090
1 0.499107 0.530670 0.023214 0.034237
1 0.527679 0.501427 0.041071 0.018545
1 0.497321 0.474322 0.026786 0.035663
1 0.480357 0.502140 0.042857 0.019971
1 0.383929 0.499287 0.039286 0.019971
1 0.353571 0.480742 0.046429 0.017118
1 0.334821 0.499287 0.048214 0.019971
1 0.358036 0.540656 0.044643 0.017118
1 0.381250 0.602710 0.044643 0.021398
1 0.424107 0.635521 0.026786 0.038516
1 0.254464 0.745364 0.044643 0.021398
1 0.073214 0.567760 0.021429 0.034237
1 0.169643 0.570613 0.025000 0.037090
1 0.460714 0.431526 0.025000 0.038516
7 0.053571 0.207561 0.060714 0.146933
7 0.949107 0.749643 0.062500 0.106990