1 0.177679 0.056348 0.119643 0.058488
0 0.187500 0.179030 0.046429 0.018545
4 0.259821 0.201141 0.069643 0.025678
1 0.346429 0.239658 0.025000 0.034237
11 0.411607 0.238944 0.087500 0.055635
0 0.481250 0.251783 0.023214 0.035663
0 0.551786 0.248930 0.042857 0.018545
0 0.551786 0.297432 0.042857 0.018545
4 0.632143 0.267475 0.067857 0.024251
0 0.787500 0.141940 0.021429 0.038516
0 0.878571 0.167618 0.046429 0.018545
0 0.878571 0.194722 0.042857 0.018545
7 0.947321 0.208274 0.058929 0.142653
4 0.883036 0.265335 0.026786 0.051355
5 0.749107 0.221113 0.123214 0.119829
5 0.630357 0.308845 0.089286 0.047076
0 0.711607 0.300285 0.044643 0.018545
0 0.825000 0.491441 0.060714 0.038516
1 0.731250 0.534237 0.087500 0.106990
5 0.827679 0.565621 0.058929 0.075606
5 0.925000 0.564194 0.057143 0.078459
0 0.794643 0.632668 0.042857 0.018545
0 0.794643 0.656205 0.046429 0.017118
0 0.793750 0.680456 0.044643 0.017118
0 0.793750 0.702568 0.044643 0.018545
0 0.793750 0.726106 0.044643 0.017118
7 0.909821 0.754636 0.126786 0.251070
0 0.661607 0.671897 0.030357 0.034237
0 0.544643 0.688302 0.021429 0.035663
0 0.573214 0.689016 0.025000 0.034237
0 0.603571 0.689729 0.025000 0.035663
5 0.624107 0.748930 0.073214 0.062767
1 0.627679 0.797432 0.048214 0.025678
1 0.469643 0.669757 0.021429 0.035663
1 0.429464 0.652639 0.041071 0.018545
7 0.048214 0.751070 0.057143 0.092725
0 0.140179 0.751070 0.044643 0.018545
1 0.297321 0.686163 0.119643 0.062767
5 0.068750 0.650499 0.087500 0.082739
5 0.244643 0.583452 0.050000 0.042796
1 0.308929 0.554922 0.017857 0.037090
1 0.281250 0.536377 0.023214 0.037090
1 0.087500 0.506419 0.125000 0.059914
1 0.272321 0.430100 0.076786 0.098431
5 0.084821 0.428673 0.069643 0.078459
1 0.030357 0.421541 0.025000 0.032810
1 0.271429 0.310271 0.071429 0.098431
5 0.166071 0.287447 0.121429 0.132668
1 0.055357 0.262482 0.078571 0.102710
1 0.126786 0.205421 0.042857 0.019971
1 0.430357 0.308845 0.125000 0.058488
5 0.499107 0.498573 0.348214 0.281027
1 0.181250 0.858773 0.126786 0.062767