5 0.526265 0.447307 0.106031 0.143285
7 0.237111 0.368185 0.097276 0.101396
7 0.264591 0.622008 0.097763 0.100399
7 0.337062 0.305352 0.044261 0.040226
5 0.346425 0.398604 0.033317 0.049202
4 0.393239 0.338930 0.020428 0.013630
4 0.393118 0.382480 0.019212 0.013630
4 0.393239 0.401596 0.020428 0.012633
11 0.338157 0.468750 0.065418 0.039229
5 0.281372 0.534242 0.051070 0.056516
1 0.338278 0.601562 0.040856 0.066157
1 0.379377 0.601562 0.040370 0.066822
5 0.338278 0.505485 0.034533 0.028258
5 0.393118 0.473570 0.018239 0.037566
5 0.284411 0.469415 0.018726 0.027261
5 0.357977 0.653923 0.042315 0.031250
10 0.664154 0.449136 0.038424 0.084441
5 0.609557 0.449302 0.030885 0.064162
1 0.278089 0.315658 0.021158 0.010306
1 0.300462 0.338597 0.016780 0.011636
1 0.393239 0.321144 0.016051 0.011303
3 0.305934 0.307680 0.011673 0.041556
0 0.299976 0.380153 0.010944 0.027593
7 0.344115 0.347241 0.026265 0.035572
0 0.300340 0.357713 0.018482 0.010638
0 0.300462 0.402427 0.017753 0.010306
1 0.301435 0.428856 0.016294 0.011303
1 0.300827 0.441656 0.016051 0.012301
1 0.319066 0.442154 0.016051 0.011968
1 0.356518 0.441489 0.017023 0.011303
1 0.375000 0.441656 0.016051 0.011636
0 0.393482 0.426862 0.009728 0.029920
0 0.393239 0.361370 0.011673 0.029255
0 0.338400 0.544548 0.011430 0.027926
1 0.314689 0.534408 0.007782 0.024269
1 0.357125 0.537899 0.016780 0.011303
1 0.394212 0.528590 0.016537 0.011303
1 0.393482 0.502493 0.017510 0.010971
1 0.426313 0.557680 0.006809 0.023604
1 0.457198 0.618019 0.017510 0.012633
1 0.464373 0.430851 0.016294 0.011303
1 0.575024 0.359209 0.016780 0.014960
1 0.484801 0.378989 0.007539 0.021941
7 0.406007 0.266789 0.154912 0.026263
7 0.548395 0.264461 0.123541 0.028258
7 0.681177 0.265625 0.124514 0.027926
7 0.787695 0.436669 0.037451 0.369348
7 0.716561 0.649435 0.127189 0.022939
7 0.445890 0.654422 0.125730 0.023604
7 0.581226 0.651928 0.124514 0.021941
15 0.255958 0.463930 0.022617 0.052859
5 0.625730 0.342420 0.083658 0.010638
5 0.589981 0.466755 0.007782 0.026596
0 0.700511 0.377826 0.011430 0.028923
4 0.674246 0.378158 0.020185 0.013630
3 0.438959 0.558344 0.010700 0.042221
11 0.455618 0.557513 0.008998 0.030585
0 0.473006 0.373005 0.006323 0.027261