0 0.116300 0.097028 0.006852 0.019361
0 0.126037 0.097028 0.006852 0.018460
0 0.169131 0.103107 0.006491 0.018010
0 0.180490 0.102882 0.007573 0.018460
0 0.192391 0.103107 0.007573 0.018010
0 0.202849 0.103107 0.006852 0.018010
0 0.214389 0.103557 0.006852 0.018910
0 0.225929 0.103557 0.006852 0.018910
0 0.237468 0.103557 0.006852 0.018910
0 0.247926 0.103557 0.006852 0.018910
0 0.095384 0.158037 0.006852 0.018910
0 0.104400 0.158037 0.006852 0.018910
0 0.113054 0.158037 0.006852 0.018910
0 0.064010 0.213417 0.006852 0.018910
0 0.075730 0.213868 0.006491 0.018910
0 0.087450 0.213192 0.007573 0.018460
0 0.098630 0.213417 0.007573 0.018010
0 0.109448 0.213417 0.007573 0.018010
0 0.120808 0.213643 0.007212 0.018460
0 0.131266 0.213643 0.007212 0.018460
0 0.142806 0.213643 0.007212 0.018460
0 0.154345 0.214093 0.007212 0.018460
0 0.164803 0.213643 0.007212 0.018460
0 0.176343 0.214093 0.007212 0.018460
0 0.187883 0.214093 0.007212 0.018460
0 0.199423 0.214543 0.007212 0.018460
0 0.210242 0.214093 0.007212 0.018460
0 0.221421 0.214093 0.007212 0.018460
0 0.232961 0.214543 0.007212 0.018460
0 0.256221 0.214768 0.007573 0.018010
0 0.278579 0.214768 0.007573 0.018910
0 0.266318 0.213868 0.007573 0.018910
0 0.289037 0.214768 0.007573 0.018910
0 0.300938 0.214768 0.007573 0.018910
0 0.311396 0.214768 0.007573 0.018910
0 0.323657 0.215218 0.007573 0.018910
0 0.334836 0.215218 0.007573 0.018910
0 0.346015 0.215218 0.006852 0.018910
0 0.356834 0.215218 0.006852 0.018910
0 0.368374 0.215218 0.006852 0.018010
0 0.380094 0.215443 0.007212 0.018460
0 0.391273 0.215443 0.007212 0.018460
0 0.413631 0.215894 0.007212 0.018460
0 0.425171 0.215894 0.007212 0.018460
0 0.389109 0.180774 0.007212 0.018460
0 0.398485 0.180774 0.007212 0.018460
0 0.433466 0.182575 0.007212 0.018460
0 0.443563 0.182125 0.007212 0.018460
0 0.388388 0.105583 0.007212 0.018460
0 0.399207 0.105133 0.007212 0.018460
0 0.433826 0.105583 0.007212 0.018460
0 0.444645 0.105808 0.006491 0.018010
0 0.472773 0.043449 0.006491 0.019361
0 0.472593 0.076767 0.007573 0.018460
0 0.472232 0.110086 0.007573 0.018460
0 0.472232 0.143854 0.007573 0.018460
0 0.447349 0.277127 0.007573 0.018460
0 0.470429 0.277578 0.007573 0.018460
7 0.496394 0.109860 0.019113 0.164791
3 0.523621 0.054480 0.020195 0.029716
5 0.705734 0.115263 0.027407 0.014408
5 0.705914 0.073165 0.034980 0.049977
0 0.592319 0.183251 0.006852 0.018010
0 0.602236 0.183251 0.007212 0.018010
0 0.637216 0.184151 0.007212 0.018010
0 0.646953 0.184151 0.007212 0.018010
0 0.593040 0.108059 0.006852 0.018010
0 0.602777 0.108059 0.006852 0.018010
0 0.637937 0.109185 0.007212 0.018460
0 0.647313 0.109185 0.007212 0.018460
0 0.774612 0.106484 0.007212 0.018460
0 0.786152 0.106934 0.007212 0.018460
0 0.797692 0.107384 0.007212 0.018460
0 0.808511 0.107384 0.007212 0.018460
0 0.821132 0.107384 0.007212 0.018460
0 0.831951 0.107384 0.007212 0.018460
0 0.843491 0.107384 0.007212 0.018460
0 0.854309 0.107384 0.007212 0.018460
0 0.901731 0.130347 0.014785 0.008555
0 0.901370 0.141603 0.014064 0.009455
0 0.884782 0.135750 0.006852 0.017560
0 0.927876 0.169743 0.015146 0.009005
0 0.928237 0.181000 0.015146 0.009005
1 0.928417 0.192256 0.021277 0.009905
1 0.883520 0.185727 0.010097 0.006754
5 0.856834 0.196983 0.033177 0.034669
6 0.955644 0.181675 0.029571 0.034669
0 0.829968 0.185727 0.014785 0.009455
0 0.829246 0.207789 0.014785 0.009455
5 0.849080 0.221747 0.020555 0.013057
1 0.364407 0.337911 0.008294 0.027465
1 0.399387 0.338361 0.008294 0.027465
1 0.381897 0.332058 0.014425 0.009455
1 0.381897 0.343764 0.014425 0.009455
1 0.381717 0.355020 0.014064 0.009455
1 0.381897 0.366502 0.013704 0.009905
1 0.381536 0.377533 0.009376 0.006754
1 0.381717 0.388789 0.009737 0.008555
1 0.858096 0.237956 0.005409 0.012157
1 0.890191 0.227600 0.005409 0.012157
7 0.978182 0.265646 0.031374 0.096353
0 0.837541 0.342413 0.014785 0.009455
0 0.837541 0.353670 0.014785 0.009455
0 0.837541 0.364475 0.014785 0.009455
0 0.837541 0.375732 0.014785 0.009455
0 0.837000 0.386988 0.014425 0.008555
0 0.891273 0.353895 0.014785 0.009005
0 0.891273 0.365151 0.014785 0.009005
0 0.890912 0.375957 0.014785 0.009005
0 0.890912 0.387663 0.014785 0.009005
1 0.826542 0.261594 0.010097 0.006303
1 0.826542 0.289509 0.010097 0.006303
1 0.885323 0.290410 0.010097 0.006303
1 0.823116 0.312247 0.006131 0.012157
1 0.872160 0.312697 0.006131 0.012157
0 0.954382 0.343314 0.014785 0.010356
0 0.953660 0.376632 0.014785 0.010356
5 0.862423 0.331382 0.021998 0.014408
5 0.864767 0.364701 0.031013 0.045025
0 0.885503 0.309320 0.006852 0.019811
1 0.076812 0.391941 0.010097 0.007654
1 0.120447 0.425259 0.007934 0.027465
1 0.133249 0.424809 0.004688 0.011256
1 0.141904 0.424809 0.004688 0.011256
1 0.150559 0.425259 0.004688 0.011256
1 0.159574 0.425259 0.004688 0.011256
1 0.168590 0.425259 0.004688 0.011256
1 0.177605 0.425934 0.004688 0.011706
1 0.186441 0.425709 0.004327 0.012157
1 0.195456 0.425484 0.005049 0.011706
0 0.057880 0.446871 0.014064 0.010356
0 0.079156 0.446646 0.014064 0.009005
0 0.146953 0.445745 0.013343 0.009005
1 0.247926 0.454525 0.008294 0.027465
1 0.259827 0.453174 0.007573 0.016659
1 0.270285 0.453850 0.006852 0.018010
1 0.279661 0.453624 0.006131 0.013057
1 0.288316 0.453624 0.006131 0.013057
1 0.297331 0.453624 0.006131 0.013057
0 0.247205 0.419181 0.013343 0.016209
0 0.252975 0.411076 0.013343 0.016209
1 0.295348 0.419631 0.014425 0.018010
1 0.302921 0.429986 0.014425 0.018010
1 0.286152 0.408600 0.022719 0.026565
1 0.271908 0.390140 0.043996 0.053579
0 0.473675 0.374381 0.014064 0.016659
0 0.503606 0.412652 0.014064 0.016659
1 0.489542 0.394642 0.027768 0.032868
1 0.478904 0.408149 0.020195 0.024764
1 0.469708 0.419181 0.020555 0.027015
1 0.461774 0.429086 0.012622 0.016209
1 0.454021 0.437641 0.013704 0.018010
1 0.446809 0.446646 0.013704 0.018010
0 0.700505 0.431337 0.014785 0.009905
0 0.792463 0.420306 0.014785 0.009455
1 0.806167 0.453399 0.010458 0.007204
0 0.070321 0.550878 0.014425 0.010356
0 0.087991 0.545925 0.007212 0.018460
0 0.105842 0.524764 0.007573 0.019361
0 0.114497 0.524764 0.007573 0.019361
1 0.123512 0.524764 0.007573 0.019361
1 0.132348 0.524313 0.005049 0.013057
0 0.179769 0.513733 0.006852 0.018010
0 0.205734 0.498649 0.014064 0.008555
1 0.247205 0.603107 0.008294 0.027465
1 0.258565 0.603557 0.007212 0.018460
1 0.269383 0.604007 0.007212 0.018460
1 0.278579 0.603557 0.006131 0.013057
1 0.287234 0.604007 0.006131 0.013057
1 0.296250 0.604232 0.005409 0.012607
1 0.378651 0.480864 0.009376 0.011706
1 0.369275 0.493471 0.009376 0.011706
1 0.354850 0.512382 0.009376 0.012607
1 0.378471 0.556506 0.009016 0.011706
1 0.389290 0.556956 0.009016 0.011706
1 0.379012 0.506078 0.008655 0.011706
1 0.380815 0.521162 0.005770 0.013958
1 0.403714 0.518460 0.010458 0.012157
1 0.402633 0.531067 0.009737 0.012157
1 0.407321 0.542098 0.009016 0.012607
1 0.388027 0.536470 0.009376 0.013057
1 0.392355 0.542323 0.010097 0.011256
1 0.176884 0.489869 0.009737 0.006303
1 0.474757 0.490320 0.006852 0.017109
1 0.501442 0.517785 0.007573 0.018010
1 0.510097 0.517785 0.007573 0.018010
1 0.519113 0.517785 0.007573 0.018010
1 0.519113 0.539847 0.007573 0.018010
1 0.510097 0.539397 0.007573 0.018010
1 0.501082 0.539847 0.007573 0.018010
1 0.474396 0.562810 0.007573 0.018010
1 0.474035 0.593877 0.007573 0.018010
0 0.488280 0.485142 0.014425 0.009455
0 0.487919 0.496398 0.014425 0.009455
0 0.487559 0.557632 0.014425 0.009455
0 0.487559 0.568438 0.014425 0.009455
0 0.487559 0.588699 0.015146 0.009455
0 0.487559 0.599505 0.015146 0.009455
1 0.536964 0.512607 0.020916 0.011256
1 0.537324 0.528816 0.020916 0.011256
1 0.536603 0.545475 0.020916 0.011256
1 0.568698 0.518460 0.035341 0.031968
1 0.563649 0.546150 0.024522 0.018010
1 0.483411 0.517560 0.004688 0.012157
1 0.491706 0.517560 0.004688 0.012157
1 0.483411 0.539622 0.004688 0.012157
1 0.491345 0.539622 0.004688 0.012157
1 0.579877 0.634174 0.007212 0.017560
1 0.598269 0.634624 0.007212 0.017560
0 0.656149 0.637551 0.006852 0.018010
0 0.665164 0.637551 0.006852 0.018010
0 0.674180 0.637551 0.006852 0.018010
0 0.687523 0.638001 0.006852 0.018010
0 0.696538 0.638001 0.006852 0.018010
0 0.705193 0.638001 0.006852 0.018010
0 0.714208 0.638001 0.006852 0.018010
0 0.805626 0.464881 0.014425 0.009455
0 0.805626 0.509455 0.014425 0.009455
0 0.805265 0.531517 0.014425 0.009455
1 0.805626 0.475912 0.009376 0.006303
1 0.805445 0.520711 0.009737 0.006754
1 0.805085 0.543224 0.009737 0.006754
5 0.825820 0.665916 0.026686 0.013507
0 0.791381 0.576317 0.014785 0.009005
0 0.795709 0.632148 0.006852 0.018010
0 0.785972 0.631247 0.006852 0.018010
1 0.804904 0.632373 0.006491 0.018460
1 0.804724 0.654435 0.006852 0.018460
0 0.844392 0.611436 0.014064 0.009005
0 0.867833 0.616164 0.007573 0.017560
0 0.881176 0.622017 0.014785 0.009455
5 0.827263 0.643629 0.024522 0.026565
0 0.867472 0.660738 0.042193 0.025664
1 0.947710 0.735029 0.025965 0.018460
0 0.946989 0.756866 0.014425 0.009905
5 0.061666 0.635074 0.036062 0.050878
5 0.050307 0.675146 0.021277 0.013958
1 0.092138 0.635299 0.004688 0.011706
1 0.116841 0.624493 0.006491 0.017109
1 0.128381 0.624493 0.007212 0.017109
1 0.139199 0.624944 0.005049 0.012607
1 0.148215 0.625169 0.005770 0.013057
1 0.157230 0.625169 0.005770 0.013057
1 0.165885 0.625169 0.005770 0.013057
1 0.174901 0.625619 0.005770 0.013057
1 0.183556 0.625619 0.005770 0.013057
1 0.192571 0.625619 0.005770 0.013057
1 0.201587 0.625619 0.005770 0.013057
1 0.362243 0.716569 0.008294 0.026565
1 0.397584 0.717470 0.008294 0.026565
1 0.380454 0.655561 0.009376 0.007204
1 0.380454 0.666367 0.009376 0.007204
1 0.380454 0.677172 0.009376 0.007204
1 0.379913 0.688654 0.014064 0.009455
1 0.379913 0.700135 0.014064 0.008104
1 0.379553 0.711166 0.013343 0.008555
1 0.379733 0.722197 0.013704 0.009005
1 0.451497 0.617965 0.012982 0.018460
1 0.460151 0.627195 0.015867 0.018010
1 0.468085 0.637551 0.021637 0.026114
1 0.478543 0.650833 0.027407 0.033769
1 0.482510 0.684376 0.014425 0.009005
0 0.478002 0.700810 0.006852 0.018460
0 0.486657 0.701261 0.006852 0.018460
6 0.583484 0.742458 0.057699 0.060333
0 0.620267 0.755065 0.008655 0.022512
0 0.666426 0.673345 0.007212 0.018460
0 0.686982 0.679199 0.014425 0.009455
0 0.681212 0.792436 0.014425 0.009905
1 0.681031 0.803917 0.014785 0.009455
1 0.242337 0.726249 0.025243 0.018910
0 0.287414 0.727150 0.006491 0.018010
0 0.296430 0.726700 0.006491 0.018010
1 0.291742 0.712067 0.010097 0.006754
0 0.080238 0.723998 0.006852 0.018010
0 0.089254 0.723998 0.006852 0.018010
0 0.124594 0.724448 0.006852 0.018010
0 0.133249 0.724899 0.006852 0.018010
0 0.170754 0.725799 0.006852 0.018010
0 0.179048 0.725349 0.006852 0.018010
0 0.057880 0.804142 0.014064 0.009005
0 0.057519 0.816749 0.014064 0.009005
0 0.053191 0.832958 0.007573 0.018910
0 0.061846 0.833183 0.006852 0.018460
1 0.057880 0.849617 0.014064 0.009005
0 0.083484 0.804593 0.014064 0.009005
0 0.083123 0.816749 0.014785 0.009905
0 0.078796 0.832958 0.007573 0.018910
0 0.087811 0.832958 0.007573 0.018910
1 0.083303 0.849842 0.015146 0.010356
0 0.108727 0.804593 0.014064 0.009005
0 0.109088 0.817199 0.014785 0.009905
0 0.104039 0.833859 0.007573 0.018910
0 0.113054 0.833859 0.007573 0.018910
1 0.108907 0.850743 0.015146 0.010356
1 0.135593 0.850743 0.015146 0.010356
0 0.130725 0.833859 0.007573 0.018910
0 0.139740 0.833859 0.007573 0.018910
0 0.135052 0.817650 0.014785 0.009905
0 0.135413 0.805043 0.014064 0.009005
0 0.162099 0.805493 0.014064 0.009005
0 0.162099 0.818100 0.014785 0.009905
0 0.157411 0.834309 0.007573 0.018910
0 0.166426 0.834759 0.007573 0.018910
1 0.161918 0.851643 0.015146 0.010356
0 0.184998 0.806168 0.015146 0.009455
0 0.184818 0.818100 0.014785 0.009905
0 0.189506 0.834309 0.007573 0.018910
0 0.180490 0.834759 0.007573 0.018910
1 0.184638 0.851643 0.015146 0.010356
0 0.107825 0.901171 0.007212 0.018460
0 0.117562 0.901621 0.007212 0.018460
0 0.139740 0.901621 0.007573 0.018460
0 0.152723 0.902071 0.007573 0.018460
0 0.219257 0.902972 0.007212 0.018460
0 0.232239 0.903422 0.007212 0.018460
0 0.298954 0.904322 0.007212 0.018460
0 0.312297 0.904773 0.007212 0.018460
0 0.379012 0.894417 0.007212 0.018460
0 0.450054 0.895768 0.007212 0.018460
0 0.521457 0.896668 0.007212 0.018460
0 0.592860 0.897118 0.007212 0.018460
5 0.241796 0.825754 0.027768 0.036020
5 0.243058 0.854345 0.027407 0.013057
1 0.263613 0.832508 0.005049 0.012607
1 0.314281 0.822377 0.014785 0.033769
1 0.344933 0.821927 0.014785 0.033769
1 0.356653 0.821252 0.007212 0.018010
1 0.366030 0.822152 0.007212 0.018010
5 0.517851 0.778028 0.026686 0.013507
0 0.468446 0.797614 0.007212 0.018460
0 0.477101 0.798064 0.007212 0.018460
1 0.486296 0.797839 0.007573 0.018010
1 0.486296 0.819901 0.007573 0.018010
1 0.673098 0.886763 0.007573 0.018460
1 0.798233 0.889014 0.007573 0.018460
0 0.708979 0.863575 0.015146 0.009905
0 0.771727 0.864025 0.015146 0.009905
0 0.834475 0.864926 0.015146 0.009905
0 0.896863 0.865376 0.015146 0.009905
0 0.955283 0.857271 0.015146 0.009905
0 0.690948 0.887663 0.007212 0.019361
0 0.699964 0.887663 0.007212 0.019361
0 0.699784 0.920756 0.006852 0.018910
0 0.690588 0.920531 0.007212 0.018460
0 0.689506 0.954300 0.007212 0.018460
0 0.698702 0.954075 0.006852 0.018910
6 0.727191 0.887663 0.024883 0.026565
6 0.726470 0.920531 0.024883 0.026565
6 0.726830 0.954300 0.024883 0.026565
6 0.851965 0.889464 0.024883 0.026565
6 0.851965 0.922332 0.024883 0.026565
6 0.851605 0.955651 0.024883 0.026565
0 0.753336 0.888113 0.007212 0.019361
0 0.763072 0.888113 0.007212 0.019361
0 0.762351 0.921432 0.007212 0.019361
0 0.753336 0.921432 0.007212 0.019361
0 0.752975 0.955200 0.007212 0.019361
0 0.761991 0.955200 0.007212 0.019361
0 0.816084 0.889014 0.006491 0.018460
0 0.825279 0.889239 0.007573 0.018010
0 0.816084 0.922107 0.007934 0.018910
0 0.824919 0.922332 0.007573 0.018460
0 0.815543 0.955651 0.007573 0.019361
0 0.824919 0.956101 0.007573 0.019361
0 0.879012 0.889464 0.007573 0.018460
0 0.887667 0.889914 0.007573 0.019361
0 0.874865 0.923008 0.007212 0.018910
0 0.883880 0.923458 0.007212 0.018910
0 0.874684 0.956776 0.006852 0.019811
0 0.884421 0.956776 0.006852 0.019811
6 0.950775 0.829356 0.029210 0.036020
0 0.928958 0.823953 0.007934 0.018910
5 0.508655 0.801666 0.025604 0.028366
0 0.834656 0.790635 0.007573 0.018910
0 0.843671 0.816974 0.006852 0.018460
0 0.852687 0.816524 0.006852 0.018460