10 0.126406 0.128484 0.063246 0.052928
7 0.217269 0.151879 0.112683 0.144720
7 0.370440 0.151240 0.111490 0.149578
7 0.524719 0.152135 0.107399 0.147788
7 0.675844 0.152902 0.108592 0.145231
10 0.775315 0.130785 0.064439 0.052416
8 0.774463 0.210816 0.039550 0.026847
8 0.774037 0.400153 0.035288 0.027614
7 0.771054 0.518537 0.039550 0.082332
1 0.773355 0.585656 0.027446 0.029404
7 0.723491 0.761826 0.109785 0.058553
7 0.587368 0.762465 0.139277 0.052161
10 0.759461 0.879443 0.034436 0.092815
10 0.705932 0.878420 0.034095 0.095883
10 0.645499 0.878420 0.035288 0.092304
10 0.586089 0.877908 0.034436 0.092304
0 0.308387 0.919714 0.013297 0.011250
0 0.308046 0.909870 0.013979 0.010483
0 0.308387 0.899386 0.013297 0.011506
0 0.261081 0.920225 0.013808 0.012273
0 0.261081 0.909358 0.013126 0.009460
0 0.261422 0.899386 0.013808 0.011506
0 0.214797 0.920225 0.013979 0.011250
0 0.214797 0.909614 0.013979 0.009972
0 0.214797 0.899386 0.013979 0.010483
0 0.167746 0.920481 0.013638 0.010739
0 0.168087 0.910381 0.012956 0.009460
0 0.167917 0.899642 0.013297 0.009972
0 0.331742 0.782153 0.006819 0.018410
0 0.325349 0.782792 0.008012 0.019177
0 0.317849 0.782920 0.006989 0.020967
0 0.301995 0.782920 0.007330 0.019944
0 0.295005 0.781897 0.005967 0.019944
0 0.288698 0.782153 0.006648 0.019432
0 0.281708 0.782664 0.007671 0.019432
0 0.221616 0.762465 0.009547 0.027614
0 0.221616 0.690361 0.009887 0.027614
0 0.235510 0.732166 0.013467 0.010995
0 0.235510 0.721938 0.012786 0.009460
0 0.289465 0.649578 0.012274 0.009972
0 0.302165 0.650345 0.013808 0.010483
0 0.319383 0.649834 0.013467 0.010483
0 0.332083 0.649834 0.013297 0.010483
0 0.328929 0.665814 0.006989 0.019432
0 0.292618 0.665559 0.007330 0.018921
0 0.430702 0.676042 0.012104 0.028126
0 0.434708 0.759269 0.015343 0.013040
0 0.301995 0.550499 0.007330 0.019432
0 0.295346 0.550754 0.006648 0.020967
0 0.288357 0.551010 0.007330 0.019432
0 0.348278 0.531705 0.014320 0.012017
0 0.133566 0.290335 0.013467 0.012529
0 0.180532 0.240220 0.013638 0.010483
0 0.180532 0.250959 0.013638 0.009972
0 0.234316 0.261186 0.007671 0.018665
0 0.241476 0.261698 0.007330 0.022756
0 0.221190 0.310662 0.008012 0.020967
0 0.241306 0.331373 0.007671 0.020455
0 0.241135 0.361289 0.008694 0.021989
0 0.334896 0.290718 0.007671 0.020455
0 0.334385 0.361289 0.008012 0.020967
0 0.342226 0.361289 0.006308 0.020967
0 0.392431 0.391076 0.007160 0.020711
0 0.399761 0.391844 0.007160 0.021222
0 0.406495 0.392099 0.005626 0.019688
0 0.419792 0.391588 0.006989 0.019688
0 0.430020 0.377014 0.012104 0.010483
0 0.428230 0.366530 0.012956 0.012529
4 0.106972 0.806699 0.007671 0.025569
4 0.147460 0.851317 0.015002 0.009460
4 0.194852 0.850550 0.016365 0.009972
4 0.241562 0.850038 0.015343 0.009972
4 0.288271 0.849783 0.016025 0.010483
4 0.147289 0.910253 0.017388 0.030171
4 0.194511 0.909230 0.017729 0.031194
4 0.241391 0.908975 0.017047 0.032728
4 0.288442 0.909486 0.017047 0.029660
4 0.106802 0.390821 0.016195 0.010995
4 0.106802 0.360394 0.015513 0.009460
4 0.125469 0.178982 0.016706 0.011762
7 0.096147 0.298901 0.047051 0.086423
7 0.169110 0.512017 0.185817 0.176681
8 0.131435 0.648428 0.020798 0.058297
7 0.132373 0.737919 0.105182 0.097673
7 0.706955 0.304014 0.140811 0.052161
7 0.542022 0.305548 0.176441 0.052161
1 0.133055 0.250064 0.011763 0.028126
1 0.132714 0.270136 0.014149 0.010483
1 0.133311 0.280107 0.011251 0.008438
1 0.133737 0.320890 0.008694 0.006648
1 0.133737 0.330862 0.013126 0.010739
1 0.129560 0.355408 0.010910 0.027103
1 0.173969 0.371005 0.008012 0.009205
1 0.267474 0.778445 0.011251 0.028893
1 0.268155 0.747891 0.010910 0.028637
1 0.267729 0.707108 0.010058 0.027359
1 0.245738 0.726541 0.006989 0.020199
1 0.255455 0.731910 0.012786 0.013040
1 0.279492 0.760036 0.007330 0.020199
1 0.279748 0.689721 0.008524 0.021734
1 0.267729 0.678215 0.010740 0.028893
2 0.244033 0.761442 0.028469 0.041933
2 0.243352 0.689466 0.028469 0.041677
2 0.381691 0.767067 0.028640 0.042956
2 0.390215 0.681667 0.042278 0.061877
1 0.274974 0.500639 0.006819 0.005114
1 0.274633 0.510739 0.006478 0.005881
1 0.274719 0.520839 0.006648 0.005114
1 0.275060 0.530555 0.013467 0.012784
1 0.311456 0.567118 0.003409 0.011250
1 0.331231 0.546280 0.004091 0.012017
1 0.345977 0.548709 0.017559 0.014830
1 0.323645 0.569420 0.013126 0.012273
1 0.366519 0.302480 0.020457 0.040910
1 0.374190 0.343902 0.015343 0.015341
1 0.368053 0.361800 0.018411 0.015341
1 0.430106 0.397341 0.011933 0.010739
1 0.429765 0.386858 0.013297 0.011250
1 0.429935 0.344413 0.010910 0.028637
1 0.327821 0.456661 0.004432 0.010739
1 0.343505 0.457172 0.020116 0.015853
1 0.347085 0.678599 0.010910 0.030171
1 0.345210 0.713373 0.008524 0.021989
1 0.344698 0.740220 0.008183 0.020455
1 0.338561 0.782409 0.006137 0.018921
1 0.347767 0.774482 0.010910 0.028637
1 0.405728 0.759397 0.010910 0.027103
1 0.418343 0.758630 0.010910 0.030683
1 0.430276 0.714651 0.019775 0.039887
0 0.560689 0.734595 0.009206 0.021478
1 0.285373 0.665047 0.006137 0.019432
1 0.301909 0.667860 0.006478 0.020967
1 0.315547 0.667860 0.007842 0.019944
1 0.335663 0.665047 0.006478 0.020455
5 0.307535 0.500384 0.044323 0.066479
5 0.180702 0.310151 0.065462 0.095116
5 0.287334 0.309000 0.075179 0.111225
5 0.400273 0.354129 0.030685 0.045001
2 0.407603 0.291997 0.054893 0.074150
5 0.693147 0.539760 0.067508 0.142163
5 0.310603 0.723984 0.051142 0.075940
5 0.531623 0.541549 0.147119 0.213756
5 0.159137 0.370621 0.019264 0.015086
5 0.273014 0.371772 0.019264 0.015341
5 0.303188 0.371261 0.018582 0.015341
5 0.376236 0.401943 0.024207 0.014319
5 0.306512 0.456277 0.020457 0.015086
5 0.517985 0.426234 0.016877 0.015853
5 0.691783 0.460496 0.018752 0.011762
5 0.361575 0.729353 0.022162 0.013552
7 0.113536 0.645231 0.015684 0.052928
7 0.449028 0.166198 0.015684 0.151368
1 0.274889 0.551138 0.017218 0.015597