7 0.056568 0.223023 0.079893 0.179984
3 0.131769 0.202018 0.020643 0.062191
2 0.161126 0.220964 0.026810 0.063015
10 0.245040 0.196046 0.131367 0.121911
1 0.318499 0.207166 0.018767 0.056837
7 0.137131 0.498558 0.225469 0.305189
7 0.043834 0.767504 0.085523 0.184102
3 0.098794 0.900741 0.031903 0.024712
1 0.135791 0.902595 0.019571 0.016063
3 0.118365 0.818575 0.055496 0.100082
1 0.145174 0.735997 0.039410 0.026359
3 0.197989 0.779860 0.083378 0.084432
2 0.265282 0.782949 0.049062 0.095552
1 0.269169 0.702636 0.037534 0.028007
3 0.161528 0.842463 0.031903 0.020181
0 0.279759 0.846170 0.020107 0.018534
4 0.294370 0.868822 0.029491 0.020181
1 0.315416 0.786038 0.039946 0.030066
5 0.318767 0.733937 0.044504 0.060132
0 0.269571 0.670717 0.030295 0.020181
8 0.320509 0.637768 0.074263 0.061367
7 0.328284 0.575577 0.061930 0.049012
0 0.357641 0.801689 0.010188 0.033361
0 0.352547 0.774712 0.019303 0.014003
0 0.356434 0.749176 0.021716 0.015651
0 0.358847 0.728171 0.020643 0.017298
0 0.355094 0.704489 0.020107 0.021005
0 0.356166 0.681631 0.020107 0.014003
1 0.311126 0.678748 0.021180 0.013180
1 0.284450 0.549012 0.009651 0.028830
1 0.272118 0.549423 0.010188 0.031301
1 0.257641 0.549835 0.009651 0.030478
3 0.275871 0.501647 0.016622 0.036244
1 0.256971 0.496499 0.009920 0.032537
1 0.256971 0.453460 0.008311 0.028830
1 0.257775 0.421952 0.011528 0.032537
1 0.275871 0.463962 0.010724 0.030890
3 0.306836 0.466639 0.020643 0.041186
3 0.336327 0.204901 0.012064 0.033361
0 0.337399 0.164745 0.017426 0.014003
0 0.355898 0.218287 0.020643 0.014003
6 0.386729 0.181837 0.038874 0.057249
1 0.414209 0.184102 0.009115 0.029654
5 0.448928 0.238262 0.060322 0.077018
0 0.450134 0.166392 0.017158 0.014003
0 0.471448 0.185750 0.015282 0.014003
0 0.466488 0.304572 0.009115 0.025124
0 0.471180 0.335667 0.016890 0.015651
0 0.535121 0.768534 0.018231 0.014003
5 0.580161 0.762974 0.060590 0.076194
1 0.618231 0.801895 0.017158 0.015651
1 0.622922 0.742586 0.021716 0.016474
0 0.620509 0.724259 0.021716 0.016886
0 0.624665 0.776771 0.019303 0.016474
0 0.643968 0.723847 0.019303 0.016063
0 0.673592 0.723229 0.020643 0.013180
7 0.725871 0.798394 0.122520 0.105025
5 0.814611 0.749588 0.031903 0.042834
1 0.802815 0.791186 0.010992 0.029654
0 0.815147 0.792628 0.010456 0.030890
0 0.827346 0.792628 0.009651 0.032537
0 0.803217 0.710255 0.009115 0.030890
0 0.814745 0.711079 0.009651 0.030890
0 0.826810 0.711491 0.009651 0.031713
0 0.795308 0.541804 0.010992 0.011120
0 0.794906 0.480025 0.010724 0.010297
1 0.696649 0.255972 0.019035 0.013591
1 0.697453 0.276359 0.020107 0.012356
1 0.696247 0.296129 0.018231 0.011532
1 0.729491 0.256590 0.019303 0.012356
1 0.729625 0.276771 0.017962 0.012356
1 0.729625 0.297570 0.017962 0.013591
1 0.765550 0.258031 0.018499 0.012768
1 0.765282 0.277389 0.017962 0.013591
1 0.765147 0.299423 0.017694 0.014827
1 0.690214 0.221993 0.012064 0.046129
1 0.777882 0.223023 0.021716 0.052306
7 0.910858 0.164333 0.094102 0.099671
0 0.897855 0.545099 0.011260 0.011944
0 0.855094 0.289745 0.009383 0.009473
7 0.932172 0.282125 0.130831 0.150741
7 0.932172 0.453254 0.130831 0.133031
7 0.909651 0.737026 0.142091 0.296952
7 0.711662 0.926277 0.222788 0.133443
7 0.465147 0.926277 0.261662 0.139209
7 0.406836 0.657125 0.066756 0.381796
7 0.385925 0.340815 0.066220 0.232702
1 0.424531 0.294481 0.009920 0.028830
7 0.556702 0.225700 0.150938 0.098023
7 0.384450 0.075371 0.320643 0.149918
7 0.681769 0.085667 0.272386 0.155684
5 0.638740 0.503707 0.303753 0.417628
0 0.730429 0.730025 0.019571 0.018534
7 0.331099 0.315692 0.031635 0.093493
4 0.293029 0.892504 0.032172 0.020593