10 0.165192 0.078601 0.058154 0.067175
7 0.116098 0.220222 0.079646 0.155125
7 0.148335 0.502770 0.295828 0.355956
7 0.113359 0.789474 0.077539 0.209141
7 0.218289 0.282202 0.062368 0.056094
10 0.937632 0.081371 0.053940 0.061634
1 0.916983 0.153047 0.019385 0.013850
1 0.882427 0.168283 0.022756 0.016620
7 0.864728 0.281510 0.066582 0.201524
7 0.913611 0.328255 0.026970 0.181440
1 0.896123 0.423476 0.008007 0.029778
0 0.798989 0.181440 0.007585 0.033241
1 0.770544 0.196676 0.027391 0.026316
1 0.777075 0.316482 0.008428 0.036011
1 0.750948 0.194252 0.007585 0.028393
1 0.713443 0.170360 0.016856 0.013850
0 0.699326 0.192521 0.028234 0.019391
0 0.667720 0.236150 0.012221 0.044321
5 0.729246 0.281510 0.039191 0.067175
0 0.750948 0.403740 0.019385 0.015235
1 0.677202 0.314404 0.007585 0.030471
7 0.671934 0.373615 0.061104 0.054709
0 0.660346 0.315789 0.008428 0.029086
7 0.955331 0.632271 0.086810 0.214681
10 0.938264 0.932825 0.050147 0.066482
4 0.973030 0.808172 0.036241 0.069252
0 0.921197 0.878463 0.018542 0.017313
0 0.903287 0.778047 0.018963 0.015928
0 0.903919 0.806787 0.019385 0.015235
0 0.903076 0.833449 0.022756 0.018698
1 0.893173 0.677632 0.014749 0.025623
1 0.850822 0.750693 0.016856 0.026316
0 0.796882 0.835526 0.013485 0.022853
1 0.732617 0.817867 0.013064 0.026316
1 0.964602 0.494460 0.011799 0.033241
1 0.849768 0.472992 0.013906 0.024931
0 0.699326 0.455679 0.021492 0.040166
0 0.688580 0.475762 0.022756 0.037396
1 0.724610 0.451870 0.013064 0.021468
0 0.687737 0.415166 0.017699 0.013158
7 0.631268 0.438019 0.060683 0.053324
7 0.605141 0.498961 0.061525 0.053324
7 0.565529 0.565097 0.063211 0.058172
7 0.565107 0.630886 0.063211 0.055402
7 0.528866 0.717105 0.034555 0.101801
7 0.490518 0.716413 0.034555 0.103186
1 0.694690 0.749307 0.012221 0.023546
1 0.674673 0.723684 0.013485 0.024931
0 0.655078 0.709488 0.014749 0.022853
0 0.644121 0.688712 0.013064 0.024238
11 0.610409 0.767313 0.041719 0.069252
7 0.653392 0.799515 0.067004 0.107341
1 0.526759 0.845568 0.026970 0.022161
1 0.491150 0.845222 0.025706 0.024238
3 0.500632 0.796053 0.039612 0.043629
0 0.648546 0.560596 0.009271 0.029778
1 0.660767 0.541898 0.008428 0.028393
1 0.654024 0.496191 0.007585 0.029778
5 0.431943 0.785319 0.081753 0.162050
3 0.376106 0.735457 0.025706 0.066482
3 0.343447 0.735111 0.026127 0.065789
3 0.313316 0.735111 0.026549 0.067175
3 0.280447 0.735803 0.028234 0.068560
8 0.243363 0.739958 0.042562 0.108726
7 0.339654 0.894391 0.085124 0.198753
7 0.176359 0.946676 0.097345 0.054017
2 0.205225 0.718837 0.021913 0.027701
0 0.205015 0.689751 0.021492 0.013850
1 0.213654 0.749307 0.016856 0.013850
2 0.155499 0.695637 0.024442 0.025623
7 0.445217 0.647161 0.033291 0.104571
7 0.408133 0.648546 0.032448 0.101801
0 0.382006 0.637465 0.008850 0.032548
1 0.368310 0.663089 0.014328 0.039474
3 0.344079 0.647507 0.024863 0.069252
3 0.313527 0.648199 0.026970 0.067867
0 0.322587 0.473338 0.028234 0.021468
11 0.373578 0.496537 0.034134 0.076177
0 0.345976 0.347645 0.018542 0.013850
0 0.472819 0.627770 0.008428 0.028393
0 0.513274 0.612535 0.026127 0.072715
7 0.387695 0.376039 0.044669 0.128809
2 0.159924 0.314751 0.026549 0.027008
1 0.260008 0.285319 0.014328 0.045706
1 0.438475 0.576524 0.014749 0.013158
0 0.466287 0.576177 0.017278 0.013850
5 0.454277 0.511427 0.051412 0.085180
1 0.397177 0.523199 0.008850 0.028393
1 0.397387 0.479917 0.007585 0.030471
1 0.414876 0.395776 0.009692 0.033934
0 0.433207 0.400277 0.016856 0.019391
1 0.225453 0.157895 0.010957 0.031856
4 0.255373 0.172091 0.029499 0.027008
4 0.255373 0.204986 0.027813 0.026316
0 0.237463 0.240997 0.029920 0.022161
0 0.251791 0.148199 0.018963 0.013850
1 0.272019 0.239958 0.014749 0.024238
0 0.285082 0.266620 0.014749 0.024931
0 0.292878 0.279778 0.015171 0.024931
1 0.302781 0.295014 0.015592 0.027701
1 0.311631 0.315443 0.023177 0.038089
5 0.328066 0.221607 0.078803 0.134349
0 0.373156 0.164820 0.010535 0.036011
0 0.385377 0.164474 0.010535 0.035319
11 0.406448 0.219183 0.018121 0.065789
0 0.387273 0.275277 0.020228 0.014543
0 0.416140 0.288089 0.009692 0.029086
0 0.422882 0.313019 0.019806 0.011080
0 0.427729 0.341413 0.009271 0.029086
7 0.458070 0.264543 0.063211 0.056787
8 0.490518 0.179709 0.065740 0.079640
1 0.492836 0.366343 0.020649 0.015235
5 0.565529 0.286357 0.021913 0.029778
0 0.545091 0.282548 0.008007 0.029086
0 0.533080 0.283587 0.006743 0.029778
5 0.568268 0.192175 0.018963 0.036704
1 0.618205 0.209488 0.014328 0.014543
5 0.458070 0.349723 0.043826 0.062327
5 0.618205 0.176939 0.020228 0.036704
0 0.631058 0.240305 0.009692 0.036011
0 0.587021 0.283934 0.010114 0.031856
0 0.597977 0.284626 0.009271 0.029086
0 0.613569 0.322022 0.018542 0.012465
5 0.601770 0.353878 0.021913 0.034626
7 0.561104 0.375000 0.045091 0.126731
5 0.522335 0.338989 0.025706 0.040859
3 0.545301 0.503116 0.030341 0.049169
0 0.520438 0.511427 0.010957 0.029778
1 0.503161 0.515235 0.014328 0.044321
0 0.559840 0.448061 0.020649 0.015235
0 0.560683 0.467798 0.019806 0.015928
1 0.511799 0.476108 0.029077 0.022853
1 0.519806 0.426593 0.008850 0.029086
1 0.490518 0.465720 0.009271 0.029778
0 0.631690 0.281163 0.008428 0.034626
0 0.620312 0.282548 0.008428 0.031856
0 0.626422 0.360111 0.021492 0.015235
0 0.625369 0.383310 0.021070 0.018698
5 0.615466 0.241690 0.020649 0.038781
7 0.433207 0.069945 0.321113 0.137119
7 0.731563 0.070983 0.268858 0.140582
7 0.515381 0.938366 0.262958 0.123269
7 0.762748 0.936288 0.219132 0.126039
0 0.569532 0.228532 0.018121 0.012465
0 0.592710 0.227839 0.018121 0.012465
0 0.593552 0.209141 0.018121 0.012465
0 0.577960 0.256233 0.018121 0.012465
1 0.546776 0.228186 0.019806 0.011773
1 0.514749 0.380886 0.008007 0.026316
0 0.528445 0.383310 0.010114 0.028393
1 0.472819 0.425208 0.016856 0.012465
1 0.472398 0.444598 0.016856 0.012465
0 0.379267 0.582410 0.025284 0.020776
5 0.767594 0.620152 0.228824 0.380194
0 0.954067 0.754848 0.018542 0.012465
7 0.442689 0.192867 0.032448 0.058864