0 0.326316 0.072333 0.023684 0.014000
4 0.385526 0.078333 0.032895 0.028667
7 0.493421 0.089000 0.097368 0.078000
6 0.353947 0.085667 0.023684 0.019333
5 0.364803 0.183667 0.100658 0.100667
1 0.301645 0.135333 0.011184 0.021333
1 0.330921 0.125667 0.021053 0.011333
1 0.422697 0.152667 0.011184 0.021333
1 0.308224 0.216333 0.009868 0.020667
1 0.319737 0.245667 0.010526 0.020667
1 0.331250 0.246000 0.011184 0.022667
1 0.342763 0.245667 0.011842 0.020667
1 0.360855 0.243667 0.023026 0.012667
1 0.390461 0.243667 0.021711 0.012667
1 0.482237 0.229667 0.011842 0.020667
1 0.356579 0.403667 0.010526 0.027333
1 0.386842 0.359000 0.009211 0.026000
1 0.402303 0.359667 0.012500 0.022000
0 0.295066 0.216000 0.012500 0.022667
0 0.429934 0.194667 0.021711 0.012000
0 0.566776 0.129667 0.013816 0.022000
0 0.579934 0.130000 0.012500 0.022667
0 0.593421 0.130000 0.014474 0.022667
0 0.607566 0.130333 0.013816 0.022000
0 0.620724 0.130000 0.012500 0.021333
0 0.670724 0.102667 0.012500 0.021333
4 0.602632 0.079333 0.031579 0.028000
5 0.453289 0.225000 0.040789 0.032667
2 0.468750 0.155333 0.024342 0.016000
6 0.608882 0.107333 0.009868 0.020000
0 0.505592 0.289333 0.012500 0.022667
7 0.139145 0.491000 0.165132 0.180667
1 0.391118 0.462000 0.021711 0.013333
0 0.237171 0.421667 0.026974 0.010000
0 0.237500 0.435667 0.027632 0.008667
0 0.237829 0.449667 0.025658 0.010000
0 0.237500 0.463667 0.027632 0.010000
0 0.238158 0.478000 0.026316 0.009333
0 0.237171 0.491667 0.026974 0.010000
0 0.237829 0.506333 0.026974 0.008667
0 0.237500 0.519333 0.025000 0.009333
5 0.494737 0.359000 0.165789 0.110000
5 0.494737 0.542000 0.173684 0.174667
1 0.587829 0.423667 0.008553 0.024667
1 0.626645 0.446333 0.026974 0.008667
1 0.666118 0.437000 0.026974 0.008667
1 0.597368 0.460667 0.021053 0.013333
1 0.597697 0.474333 0.021711 0.012667
5 0.685197 0.516667 0.078289 0.093333
1 0.651645 0.571333 0.021711 0.013333
1 0.716776 0.575000 0.026974 0.008667
1 0.598355 0.620333 0.021711 0.012667
1 0.597368 0.634000 0.027632 0.009333
1 0.391447 0.620667 0.022368 0.012000
1 0.391118 0.635333 0.026974 0.009333
5 0.281579 0.589333 0.093421 0.080000
1 0.336513 0.598000 0.009868 0.024000
1 0.318750 0.638000 0.021711 0.013333
1 0.368750 0.672667 0.026974 0.010667
1 0.176974 0.712667 0.017105 0.029333
1 0.156250 0.712000 0.015132 0.029333
1 0.135197 0.713333 0.017763 0.029333
1 0.137500 0.675667 0.017105 0.030000
0 0.204934 0.654667 0.023026 0.012000
0 0.093750 0.661000 0.009868 0.023333
0 0.079605 0.674000 0.010526 0.025333
0 0.079605 0.704667 0.009211 0.024000
5 0.107237 0.701000 0.038158 0.038000
2 0.122039 0.771000 0.074342 0.079333
6 0.205592 0.628000 0.026974 0.026667
3 0.178618 0.625333 0.019079 0.036000
7 0.496382 0.857667 0.467763 0.164667
2 0.680592 0.212667 0.099342 0.092000
2 0.863158 0.211333 0.100000 0.092000
2 0.843750 0.346667 0.067763 0.072000
5 0.700658 0.097333 0.040789 0.036000
1 0.688158 0.128000 0.022368 0.012000
1 0.796053 0.100333 0.011842 0.020667
1 0.787829 0.212000 0.030921 0.017333
1 0.788158 0.236667 0.030263 0.018667
1 0.749342 0.211667 0.030263 0.018000
1 0.750329 0.236667 0.030921 0.017333
1 0.720066 0.267333 0.021711 0.012000
1 0.810526 0.261333 0.011842 0.022667
1 0.737500 0.293667 0.010526 0.027333
1 0.797039 0.323667 0.023026 0.012667
1 0.729276 0.352000 0.017763 0.030667
1 0.750000 0.351667 0.018421 0.030000
1 0.769408 0.351667 0.019079 0.031333
1 0.790461 0.351667 0.017763 0.031333
0 0.710855 0.128000 0.023026 0.013333
0 0.738816 0.107000 0.023684 0.052667
5 0.770066 0.106000 0.030921 0.025333
0 0.742105 0.267667 0.022368 0.012667
0 0.792763 0.266000 0.022368 0.012000
0 0.793421 0.311333 0.022368 0.012000
7 0.851645 0.491333 0.165132 0.176000
0 0.751645 0.444667 0.025658 0.009333
0 0.751645 0.459000 0.025658 0.008667
0 0.751645 0.472667 0.026974 0.009333
0 0.751645 0.487000 0.026974 0.008667
0 0.751645 0.500667 0.026974 0.009333
0 0.751645 0.514333 0.025658 0.008667
0 0.751645 0.528333 0.026974 0.010000
0 0.751645 0.542000 0.026974 0.009333
1 0.833224 0.597000 0.028289 0.010000
6 0.848355 0.645333 0.092763 0.078667
5 0.846053 0.749333 0.040789 0.036000
0 0.879934 0.734333 0.021711 0.012667
0 0.875987 0.755333 0.012500 0.021333
0 0.817105 0.767000 0.011842 0.022000
0 0.736842 0.644333 0.011842 0.022000
0 0.788487 0.665667 0.021711 0.012667
0 0.787171 0.638000 0.012500 0.021333
3 0.761842 0.615000 0.036842 0.016667
6 0.761842 0.640667 0.031579 0.026667
1 0.764145 0.666333 0.021711 0.012667
1 0.849013 0.719667 0.026974 0.008667
1 0.803289 0.741667 0.011842 0.026000
1 0.816776 0.741667 0.011184 0.022000
1 0.853289 0.776333 0.021053 0.011333
0 0.232566 0.736000 0.023026 0.012000
0 0.232566 0.763667 0.023026 0.012667
0 0.255263 0.735667 0.022368 0.012667
0 0.277961 0.735667 0.023026 0.012667
0 0.300658 0.735667 0.022368 0.012667
0 0.323684 0.735667 0.022368 0.012667
0 0.346711 0.735667 0.022368 0.012667
0 0.369737 0.735000 0.022368 0.012667
0 0.255263 0.763333 0.022368 0.013333
0 0.278289 0.763333 0.023684 0.013333
0 0.300658 0.763000 0.023684 0.012667
0 0.323684 0.763333 0.022368 0.013333
0 0.346711 0.763000 0.022368 0.012667
0 0.369737 0.763000 0.022368 0.012667
0 0.392763 0.762667 0.022368 0.013333
0 0.415132 0.762667 0.022368 0.013333
0 0.392763 0.735000 0.022368 0.014000
0 0.415461 0.735000 0.023026 0.014000
0 0.437829 0.735000 0.023026 0.012667
0 0.438158 0.762000 0.023684 0.013333
0 0.460855 0.735000 0.023026 0.012667
0 0.461184 0.762000 0.022368 0.013333
1 0.232237 0.750000 0.022368 0.013333
1 0.254934 0.749333 0.023026 0.013333
1 0.277961 0.749333 0.023026 0.013333
1 0.300658 0.749333 0.022368 0.012000
1 0.324013 0.749000 0.023026 0.012667
1 0.346711 0.749333 0.022368 0.013333
1 0.369408 0.749000 0.023026 0.012667
1 0.392434 0.749000 0.023026 0.012667
1 0.415461 0.748667 0.023026 0.013333
1 0.438158 0.748667 0.023684 0.013333
1 0.461184 0.748667 0.022368 0.013333
1 0.484211 0.748333 0.022368 0.014000
1 0.506908 0.748333 0.023026 0.014000
1 0.529934 0.748333 0.023026 0.014000
1 0.552632 0.748000 0.022368 0.013333
1 0.575329 0.748000 0.023026 0.013333
1 0.598355 0.748000 0.023026 0.013333
1 0.621053 0.748000 0.022368 0.013333
1 0.643750 0.748333 0.023026 0.012667
1 0.666776 0.747667 0.023026 0.012667
1 0.689474 0.747333 0.022368 0.013333
1 0.712500 0.747000 0.022368 0.012667
1 0.735197 0.747000 0.023026 0.012667
1 0.757566 0.747333 0.023026 0.012000
0 0.529934 0.734333 0.023026 0.012667
0 0.552303 0.734333 0.023026 0.012667
0 0.575329 0.734000 0.023026 0.013333
0 0.598355 0.734000 0.023026 0.013333
0 0.621053 0.734000 0.022368 0.013333
0 0.644079 0.734000 0.022368 0.013333
0 0.666776 0.734000 0.023026 0.013333
0 0.689474 0.733667 0.022368 0.012667
0 0.712500 0.733667 0.022368 0.012667
0 0.734868 0.733333 0.022368 0.013333
0 0.757237 0.733333 0.022368 0.013333
0 0.529605 0.761667 0.023684 0.012667
0 0.552303 0.762000 0.023026 0.013333
0 0.575329 0.761333 0.023026 0.013333
0 0.598355 0.761667 0.023026 0.012667
0 0.621053 0.761667 0.022368 0.012667
0 0.643750 0.761333 0.023026 0.013333
0 0.666776 0.761000 0.023026 0.014000
0 0.689803 0.761333 0.023026 0.013333
0 0.712171 0.760667 0.023026 0.013333
0 0.735197 0.761333 0.023026 0.013333
0 0.757566 0.760333 0.021711 0.014000
0 0.483882 0.762333 0.023026 0.012667
0 0.506579 0.762000 0.022368 0.012000
0 0.483882 0.734333 0.023026 0.012667
0 0.506908 0.734667 0.023026 0.013333
5 0.398026 0.125333 0.031579 0.013333
5 0.465132 0.192667 0.035526 0.013333
5 0.697368 0.072333 0.036842 0.012667
5 0.768421 0.086667 0.034211 0.013333
5 0.563487 0.294333 0.028289 0.015333
5 0.682895 0.459333 0.028947 0.016000
5 0.250987 0.639333 0.028289 0.016000
5 0.561513 0.637667 0.028289 0.015333
5 0.179934 0.784333 0.036184 0.015333
5 0.833882 0.787000 0.015132 0.038000