4 0.397860 0.463930 0.053502 0.012965
4 0.398346 0.484541 0.053502 0.012965
4 0.398346 0.504488 0.053502 0.012965
4 0.398833 0.525100 0.053502 0.012965
8 0.285992 0.748836 0.100681 0.014295
8 0.506445 0.733211 0.100438 0.014960
4 0.651751 0.733876 0.034533 0.052859
4 0.681420 0.745844 0.018482 0.025598
7 0.184703 0.093251 0.080496 0.039561
7 0.321498 0.092753 0.080253 0.043218
7 0.465832 0.094747 0.078551 0.041888
7 0.613692 0.096742 0.080010 0.039229
7 0.760092 0.096742 0.076605 0.039894
7 0.709022 0.314328 0.015321 0.082114
7 0.564810 0.311004 0.016294 0.082779
7 0.413789 0.319481 0.015321 0.083777
7 0.387889 0.333444 0.015564 0.081117
7 0.232004 0.325465 0.016051 0.083112
7 0.165856 0.418052 0.029669 0.055519
7 0.165370 0.509807 0.025778 0.053524
7 0.322106 0.516456 0.020671 0.059508
7 0.390443 0.421376 0.059582 0.022939
7 0.432271 0.495180 0.013862 0.081449
7 0.144698 0.692819 0.020914 0.037899
7 0.304475 0.831283 0.026751 0.027593
7 0.356031 0.832114 0.027237 0.029255
7 0.521401 0.768783 0.024805 0.050864
7 0.618555 0.782247 0.013862 0.060505
7 0.679475 0.827294 0.043288 0.020279
7 0.678137 0.776762 0.026994 0.038896
7 0.679596 0.728225 0.042558 0.020944