5 0.241975 0.476064 0.008268 0.021277
5 0.293653 0.410406 0.012403 0.010306
5 0.389713 0.453125 0.017753 0.012633
5 0.419382 0.405918 0.007539 0.021941
4 0.536479 0.539727 0.017510 0.009641
5 0.575146 0.547872 0.020428 0.010638
5 0.624514 0.407580 0.006809 0.019282
4 0.773711 0.720745 0.021158 0.008644
5 0.728842 0.647274 0.016051 0.007979
5 0.570404 0.597739 0.007053 0.022606
5 0.459144 0.704455 0.006809 0.022606
5 0.323565 0.544714 0.013375 0.020279
5 0.441026 0.758810 0.006080 0.020944
4 0.578429 0.794548 0.006566 0.024601
4 0.629256 0.793883 0.006566 0.024601
0 0.131323 0.184176 0.042802 0.027261
0 0.214494 0.182181 0.043774 0.026596
0 0.285141 0.180519 0.043531 0.027261
0 0.356761 0.179688 0.043774 0.028258
0 0.430691 0.178690 0.043774 0.027593
0 0.501338 0.177527 0.043531 0.025931
0 0.568701 0.177693 0.043045 0.027593
0 0.644090 0.175366 0.043531 0.028923
0 0.712062 0.174867 0.043288 0.027926
0 0.774441 0.174036 0.042558 0.026263
0 0.766902 0.322141 0.015807 0.008644
0 0.766659 0.333943 0.015807 0.010306
0 0.766780 0.356051 0.016051 0.009973
0 0.629742 0.318816 0.016294 0.009973
0 0.630837 0.333610 0.016051 0.010306
0 0.630107 0.360871 0.016537 0.010971
0 0.598492 0.368351 0.015078 0.010638
0 0.485409 0.331117 0.016051 0.009973
0 0.485773 0.357547 0.016294 0.010971
0 0.484922 0.371177 0.015564 0.009641
0 0.485530 0.384475 0.015807 0.008976
0 0.485287 0.396941 0.015321 0.011303
0 0.433852 0.359874 0.015078 0.010306
0 0.341440 0.330951 0.016051 0.010306
0 0.341318 0.345246 0.015807 0.010971
0 0.341561 0.374003 0.015321 0.009973
0 0.196133 0.324801 0.016780 0.011303
0 0.196133 0.349568 0.015807 0.010306
0 0.196620 0.374668 0.016294 0.010638
0 0.193580 0.489029 0.006809 0.023271
0 0.203186 0.488697 0.006566 0.022606
0 0.193823 0.524934 0.016051 0.010638
0 0.222763 0.530751 0.016051 0.010306
0 0.239664 0.525266 0.007539 0.020612
0 0.259120 0.525598 0.008025 0.023936
0 0.302043 0.510140 0.015564 0.009641
0 0.301435 0.521775 0.015807 0.008976
0 0.301313 0.426363 0.016051 0.010306
0 0.301678 0.441988 0.015807 0.009641
0 0.302043 0.454621 0.016537 0.009641
0 0.302164 0.466589 0.015807 0.010971
0 0.466318 0.450798 0.016294 0.010638
0 0.515807 0.455120 0.016051 0.010638
0 0.516902 0.471576 0.015321 0.012301
0 0.516659 0.485539 0.016294 0.012965
0 0.517145 0.501164 0.015807 0.012301
0 0.516902 0.515459 0.015321 0.012301
0 0.517631 0.529588 0.015807 0.011303
0 0.758025 0.618850 0.007296 0.022939
0 0.709874 0.580618 0.016051 0.010971
0 0.768118 0.674867 0.007053 0.023936
0 0.742947 0.671044 0.015564 0.008976
0 0.724951 0.671376 0.015564 0.009641
0 0.794990 0.743351 0.016051 0.009309
0 0.777359 0.743850 0.015807 0.008976
0 0.631931 0.656915 0.007053 0.024601
0 0.606518 0.658577 0.007782 0.023271
0 0.572471 0.662733 0.016051 0.011636
0 0.532952 0.687001 0.016780 0.010306
0 0.481031 0.603557 0.016051 0.022274
0 0.495866 0.605219 0.006323 0.022274
0 0.512160 0.712932 0.006809 0.023604
0 0.435676 0.667387 0.016294 0.011636
0 0.325511 0.668052 0.006566 0.022939
0 0.316513 0.668218 0.007053 0.023936
0 0.296814 0.668717 0.006566 0.022939
0 0.287573 0.667719 0.006566 0.022939
0 0.267875 0.669049 0.007053 0.022939
0 0.316391 0.633810 0.006809 0.021609
0 0.307028 0.632979 0.006566 0.022606
0 0.287451 0.633976 0.006323 0.022606
0 0.278575 0.634807 0.007053 0.022274
0 0.258876 0.635140 0.006566 0.023604
0 0.249635 0.634142 0.007053 0.023604
0 0.259241 0.669215 0.007296 0.023936
0 0.271158 0.708777 0.015564 0.010638
0 0.271522 0.721742 0.015807 0.010638
0 0.225073 0.601895 0.016294 0.012301
0 0.225559 0.635638 0.016294 0.011303
0 0.224951 0.668551 0.015564 0.009973
0 0.199781 0.709608 0.015807 0.011636
0 0.200146 0.722407 0.016051 0.011303
0 0.200146 0.746676 0.016537 0.011968
0 0.311770 0.779422 0.007296 0.022939
0 0.316634 0.826463 0.015564 0.010638
0 0.385822 0.731549 0.016294 0.009641
0 0.385822 0.743850 0.016294 0.010971
0 0.385822 0.756150 0.015321 0.010971
0 0.398589 0.794215 0.006809 0.022606
0 0.503040 0.751662 0.015807 0.009309
0 0.483341 0.806017 0.010457 0.010306
0 0.599343 0.817653 0.007053 0.023604
0 0.648468 0.816656 0.007539 0.022939
1 0.129377 0.260971 0.015078 0.041888
1 0.151021 0.212267 0.016051 0.022274
1 0.298030 0.209940 0.016780 0.023604
1 0.440297 0.205618 0.016294 0.022939
1 0.583658 0.205618 0.016537 0.023604
1 0.723249 0.207945 0.015564 0.022274
1 0.766659 0.310505 0.016294 0.008644
1 0.718264 0.306516 0.016294 0.009973
1 0.718872 0.322640 0.017023 0.010971
1 0.719723 0.337766 0.017267 0.010638
1 0.629499 0.307347 0.017267 0.010971
1 0.577456 0.306350 0.016780 0.011636
1 0.577456 0.318983 0.016780 0.011636
1 0.577456 0.331782 0.016780 0.011303
1 0.580253 0.368019 0.017510 0.011303
1 0.485773 0.317154 0.017753 0.010638
1 0.434095 0.318816 0.017023 0.011303
1 0.433731 0.331449 0.016294 0.011303
1 0.434095 0.344249 0.017023 0.011636
1 0.341075 0.315160 0.016780 0.011303
1 0.295598 0.314328 0.016780 0.010971
1 0.295598 0.326795 0.016294 0.011303
1 0.295720 0.338597 0.017023 0.011636
1 0.196863 0.361868 0.016780 0.010971
1 0.152724 0.319814 0.017023 0.011303
1 0.152724 0.332281 0.016537 0.011636
1 0.155885 0.344249 0.017023 0.010971
1 0.128648 0.304355 0.015564 0.042221
1 0.129256 0.348072 0.016294 0.041223
1 0.136673 0.390126 0.030642 0.021609
0 0.210725 0.444315 0.006566 0.023604
1 0.201483 0.460273 0.009484 0.025598
1 0.212549 0.487699 0.006809 0.023936
1 0.230058 0.462434 0.006809 0.024601
1 0.248298 0.524435 0.006809 0.023604
1 0.222763 0.544382 0.016537 0.009641
1 0.224708 0.562334 0.016051 0.008976
1 0.263740 0.412733 0.006080 0.023604
1 0.302043 0.478890 0.017023 0.010971
1 0.304839 0.494847 0.030399 0.021609
1 0.328307 0.510805 0.016051 0.023604
0 0.278453 0.530086 0.016537 0.010306
1 0.356761 0.460439 0.016051 0.022606
1 0.422665 0.455785 0.016537 0.022606
1 0.470939 0.424701 0.007053 0.025598
1 0.466561 0.516955 0.016294 0.023271
1 0.557150 0.532580 0.016537 0.011303
1 0.640929 0.458610 0.006080 0.023604
1 0.729815 0.599568 0.017023 0.008976
1 0.634849 0.591423 0.006566 0.024601
1 0.519334 0.570811 0.015807 0.040559
1 0.502918 0.571809 0.015564 0.042553
1 0.452578 0.595745 0.015564 0.021277
1 0.420233 0.637633 0.016051 0.021941
1 0.349951 0.639461 0.006809 0.024269
1 0.340345 0.639461 0.006566 0.024269
1 0.325389 0.633477 0.005837 0.022274
1 0.363692 0.661403 0.016780 0.009641
1 0.296693 0.633976 0.006323 0.021277
1 0.267510 0.633810 0.006323 0.023604
1 0.307636 0.668551 0.006809 0.024601
1 0.278818 0.668052 0.007053 0.024269
1 0.250365 0.668717 0.006566 0.023604
1 0.239664 0.641622 0.006566 0.024601
1 0.314202 0.557680 0.006809 0.023604
1 0.303259 0.562832 0.016051 0.042553
1 0.291586 0.567985 0.006323 0.022939
1 0.266051 0.551197 0.005350 0.024601
1 0.253526 0.560505 0.016294 0.042553
1 0.240759 0.568650 0.006809 0.024269
1 0.225195 0.615691 0.016537 0.010638
1 0.225681 0.648105 0.016537 0.010306
1 0.199781 0.697307 0.016780 0.011636
1 0.200024 0.734541 0.015807 0.010306
1 0.474708 0.754987 0.006323 0.024601
1 0.486138 0.731217 0.016051 0.010306
1 0.710968 0.814162 0.030399 0.021941
0 0.786479 0.803856 0.016537 0.006649
4 0.767631 0.804521 0.019212 0.007979
1 0.248176 0.133644 0.051800 0.080452
1 0.392388 0.127826 0.046936 0.080120
1 0.536600 0.128657 0.052772 0.076463
1 0.680204 0.231217 0.055447 0.080120
1 0.665005 0.324634 0.052772 0.078125
1 0.602748 0.605386 0.043531 0.055186
1 0.676800 0.719581 0.057879 0.067487
1 0.419382 0.712101 0.048395 0.080452
5 0.175340 0.267786 0.046206 0.066157
5 0.320647 0.266622 0.044990 0.063830
5 0.466683 0.264628 0.045233 0.062500
5 0.608949 0.262467 0.044747 0.062832
5 0.744042 0.262799 0.044990 0.064162
5 0.601775 0.409741 0.038181 0.058178
5 0.441877 0.404754 0.037938 0.055519
5 0.263254 0.477227 0.028453 0.039561
5 0.391294 0.545213 0.118677 0.164229
5 0.552286 0.568983 0.050097 0.054189
6 0.674246 0.550698 0.050340 0.090093
5 0.730302 0.624501 0.042802 0.038896
5 0.484679 0.704289 0.044261 0.038231
5 0.277481 0.421875 0.017023 0.033910
6 0.739543 0.703790 0.047179 0.053191
6 0.618799 0.700632 0.039154 0.062168
6 0.565540 0.703125 0.037208 0.065824
6 0.209995 0.767121 0.019212 0.024269
6 0.363448 0.792387 0.062014 0.060838
5 0.457077 0.755485 0.026508 0.048205
6 0.512646 0.786902 0.068093 0.053856
6 0.780520 0.777759 0.069309 0.049535
7 0.174732 0.144781 0.060554 0.046875
7 0.321012 0.140625 0.059825 0.047207
7 0.465710 0.137134 0.059825 0.048205
7 0.609557 0.135140 0.059095 0.044880
7 0.743069 0.134309 0.061527 0.045878
7 0.726775 0.467753 0.051313 0.175532
7 0.825754 0.695977 0.065418 0.070146
7 0.138497 0.464594 0.093142 0.122673
7 0.148103 0.598404 0.131323 0.144947
7 0.132296 0.725898 0.099222 0.120678
7 0.111260 0.821144 0.035749 0.061170
7 0.120866 0.875831 0.045233 0.048205
7 0.165248 0.875665 0.044018 0.047872
7 0.210603 0.875499 0.045720 0.048205
7 0.255229 0.874169 0.045477 0.047540
7 0.299611 0.873172 0.045233 0.047540
7 0.387038 0.885805 0.067850 0.121343
7 0.455861 0.883644 0.068823 0.118351
7 0.524441 0.883477 0.068823 0.118019
7 0.582806 0.892287 0.048881 0.089761
7 0.633390 0.888963 0.048881 0.085771
7 0.714373 0.883477 0.052286 0.091423
7 0.779669 0.868019 0.070525 0.120346
0 0.166342 0.385805 0.019942 0.016955
3 0.678624 0.448803 0.047909 0.027926
3 0.676800 0.410904 0.044747 0.026596
3 0.676921 0.485539 0.049368 0.026263
11 0.278696 0.552194 0.019455 0.032580
11 0.363205 0.639129 0.019698 0.032912
3 0.536357 0.633976 0.019698 0.061170
3 0.723371 0.753989 0.044990 0.027261
3 0.565418 0.747839 0.045233 0.026928
7 0.174611 0.116689 0.075389 0.038564
7 0.320647 0.115193 0.078064 0.039561
7 0.465953 0.113198 0.077821 0.037566
7 0.608585 0.109375 0.077578 0.039229
7 0.741488 0.107547 0.075389 0.037566
7 0.118677 0.227726 0.030156 0.022606
7 0.104086 0.320312 0.025778 0.157247
7 0.410019 0.323305 0.017510 0.062832
7 0.369893 0.327793 0.013619 0.079122
7 0.766902 0.425199 0.030885 0.066489
7 0.766780 0.516290 0.034047 0.067819
7 0.696863 0.337267 0.013375 0.077460
7 0.545233 0.346908 0.014591 0.079455
7 0.518604 0.332613 0.013375 0.078790
7 0.543288 0.433178 0.055447 0.018617
7 0.227262 0.332945 0.012403 0.077460
7 0.234314 0.398105 0.044504 0.020279
7 0.234314 0.417886 0.045477 0.018617
7 0.450389 0.473903 0.046206 0.063497
7 0.576483 0.482048 0.015807 0.080452
4 0.535141 0.454455 0.020671 0.013298
4 0.535627 0.470412 0.020185 0.012633
4 0.535141 0.485372 0.019698 0.013963
4 0.535263 0.500665 0.018969 0.013298
4 0.535627 0.515126 0.019212 0.012301
4 0.535749 0.529588 0.019455 0.011968
7 0.502918 0.505818 0.012160 0.077460
7 0.611260 0.525100 0.020185 0.058843
3 0.652481 0.597241 0.019942 0.046210
7 0.494528 0.626995 0.060554 0.019947
7 0.488692 0.666223 0.075146 0.019947
7 0.495501 0.646609 0.059582 0.019947
2 0.333658 0.601729 0.016051 0.021941
7 0.281615 0.602560 0.073444 0.022274
7 0.354694 0.704621 0.044990 0.022274
4 0.768361 0.701795 0.008998 0.027926
7 0.784411 0.694481 0.018726 0.035904
7 0.675462 0.775598 0.016780 0.043218
3 0.616124 0.746842 0.044990 0.026263
4 0.629134 0.810505 0.020428 0.012633
4 0.579159 0.811835 0.020185 0.012633
7 0.417072 0.764794 0.031128 0.023604
7 0.417558 0.788896 0.031128 0.023271
10 0.337792 0.861203 0.028210 0.053524
7 0.322471 0.791888 0.015564 0.063165
7 0.248054 0.837932 0.018482 0.020944
7 0.247082 0.741024 0.014591 0.021277
10 0.321012 0.736536 0.029669 0.054189
7 0.174003 0.803191 0.086819 0.019282
7 0.263011 0.798703 0.030885 0.021609
7 0.263375 0.777759 0.031128 0.020944
7 0.275778 0.740858 0.014591 0.020279
7 0.276751 0.838098 0.017023 0.021277
7 0.578794 0.833943 0.027237 0.026928
7 0.629621 0.831948 0.027237 0.026928