7 0.544369 0.056660 0.888510 0.089463
0 0.178043 0.129225 0.064846 0.039761
1 0.179181 0.189861 0.060296 0.065606
3 0.246871 0.198807 0.050057 0.063618
3 0.245734 0.282306 0.054608 0.063618
3 0.197952 0.324056 0.020478 0.039761
8 0.126849 0.267396 0.037543 0.081511
1 0.296359 0.267396 0.035267 0.101392
1 0.295791 0.379722 0.034130 0.103380
1 0.375427 0.179920 0.056883 0.061630
0 0.495449 0.164016 0.021615 0.021869
4 0.496018 0.192843 0.029579 0.023857
1 0.463595 0.265408 0.035267 0.101392
1 0.463595 0.367793 0.032992 0.099404
1 0.513083 0.367793 0.034130 0.099404
1 0.562002 0.368787 0.034130 0.101392
5 0.521047 0.258449 0.029579 0.055666
0 0.550626 0.229622 0.022753 0.017893
0 0.551195 0.254473 0.021615 0.019881
0 0.551195 0.276342 0.021615 0.019881
5 0.571672 0.167992 0.026166 0.053678
5 0.611490 0.167992 0.026166 0.053678
5 0.651308 0.167992 0.026166 0.053678
5 0.691126 0.167992 0.026166 0.053678
5 0.730944 0.167992 0.026166 0.053678
5 0.771900 0.166998 0.026166 0.055666
5 0.812287 0.167992 0.027304 0.053678
5 0.850967 0.166998 0.025028 0.055666
5 0.891923 0.166998 0.027304 0.055666
5 0.877133 0.223658 0.043231 0.049702
5 0.872014 0.282306 0.048919 0.059642
0 0.944824 0.257455 0.019340 0.017893
7 0.978953 0.242545 0.026166 0.095427
5 0.866894 0.338966 0.020478 0.041750
1 0.870307 0.397614 0.056883 0.059642
5 0.947099 0.353877 0.085324 0.095427
5 0.869738 0.499006 0.044369 0.051690
5 0.870876 0.551690 0.042093 0.049702
0 0.911263 0.476143 0.022753 0.017893
0 0.910694 0.520875 0.021615 0.019881
0 0.910694 0.563618 0.021615 0.017893
0 0.910694 0.606362 0.021615 0.019881
7 0.960751 0.559642 0.058020 0.248509
5 0.886803 0.694831 0.085324 0.149105
4 0.811718 0.237575 0.028441 0.025845
5 0.893629 0.803181 0.026166 0.055666
5 0.853811 0.803181 0.026166 0.051690
5 0.813424 0.803181 0.025028 0.051690
5 0.806030 0.736581 0.039818 0.061630
0 0.766780 0.752485 0.020478 0.017893
5 0.773038 0.804175 0.026166 0.053678
5 0.733220 0.802187 0.026166 0.053678
5 0.691695 0.801193 0.025028 0.055666
5 0.651308 0.802187 0.026166 0.057654
5 0.611490 0.802187 0.026166 0.053678
5 0.571104 0.803181 0.025028 0.055666
1 0.554608 0.666998 0.055745 0.061630
0 0.615472 0.712724 0.022753 0.017893
0 0.638794 0.711730 0.021615 0.019881
0 0.460751 0.804175 0.047782 0.053678
0 0.460182 0.695825 0.046644 0.055666
0 0.437998 0.626243 0.022753 0.047714
10 0.502844 0.621272 0.040956 0.161034
5 0.562571 0.597416 0.046644 0.057654
8 0.443117 0.522863 0.080774 0.039761
4 0.514790 0.495030 0.014790 0.055666
4 0.494881 0.495030 0.013652 0.059642
1 0.418089 0.452286 0.035267 0.101392
5 0.369738 0.460239 0.047782 0.117296
5 0.289534 0.474155 0.046644 0.065606
1 0.308305 0.523857 0.022753 0.025845
1 0.282708 0.523857 0.021615 0.021869
5 0.351536 0.664016 0.138794 0.238569
4 0.224687 0.423459 0.030717 0.027833
0 0.225256 0.448310 0.022753 0.021869
5 0.231513 0.511928 0.019340 0.033797
5 0.230375 0.578529 0.048919 0.059642
1 0.259386 0.704771 0.022753 0.021869
0 0.259386 0.727634 0.022753 0.023857
5 0.145620 0.732604 0.045506 0.093439
7 0.089306 0.497018 0.176337 0.226640
7 0.544937 0.947316 0.887372 0.105368
5 0.712173 0.486083 0.245734 0.431412
5 0.377133 0.296223 0.110353 0.143141
7 0.441980 0.561630 0.085324 0.037773
8 0.167235 0.265408 0.045506 0.077535