0 0.043403 0.324056 0.021991 0.019881
0 0.043403 0.370775 0.021991 0.017893
0 0.123843 0.237575 0.020833 0.021869
0 0.189815 0.237575 0.020833 0.021869
0 0.344907 0.519881 0.009259 0.037773
0 0.374421 0.613320 0.010417 0.037773
0 0.385417 0.661034 0.009259 0.037773
0 0.392940 0.633201 0.019676 0.017893
0 0.492477 0.498012 0.010417 0.037773
0 0.513889 0.495030 0.011574 0.039761
0 0.495370 0.728628 0.011574 0.045726
0 0.508681 0.731610 0.010417 0.043738
0 0.512153 0.583499 0.021991 0.017893
0 0.527199 0.545726 0.021991 0.021869
0 0.654514 0.526839 0.010417 0.039761
0 0.667824 0.525845 0.011574 0.041750
0 0.644097 0.578529 0.021991 0.019881
0 0.689815 0.451292 0.011574 0.039761
0 0.719329 0.639165 0.008102 0.033797
0 0.098380 0.752485 0.020833 0.017893
0 0.131944 0.721670 0.009259 0.035785
0 0.132523 0.684891 0.010417 0.033797
1 0.056134 0.269384 0.012731 0.037773
1 0.132523 0.263419 0.019676 0.021869
1 0.115162 0.292247 0.012731 0.035785
1 0.139468 0.337972 0.012731 0.039761
1 0.205440 0.327038 0.019676 0.021869
1 0.190972 0.412525 0.023148 0.021869
1 0.197917 0.485089 0.020833 0.023857
1 0.229167 0.362823 0.011574 0.037773
1 0.263310 0.238569 0.059028 0.059642
1 0.244792 0.434394 0.019676 0.021869
1 0.243056 0.486083 0.020833 0.021869
1 0.282986 0.637177 0.021991 0.021869
1 0.262731 0.736581 0.057870 0.061630
1 0.363426 0.736581 0.057870 0.065606
1 0.326968 0.470179 0.021991 0.021869
1 0.289931 0.421471 0.012731 0.035785
1 0.292245 0.534791 0.010417 0.031809
1 0.444444 0.617296 0.020833 0.021869
1 0.458912 0.589463 0.012731 0.037773
1 0.390625 0.522863 0.019676 0.023857
1 0.402199 0.491054 0.021991 0.023857
1 0.363426 0.469185 0.023148 0.019881
1 0.358218 0.441352 0.012731 0.035785
0 0.363426 0.390656 0.011574 0.037773
1 0.365741 0.238569 0.057870 0.059642
1 0.417824 0.424453 0.013889 0.041750
1 0.491898 0.272366 0.023148 0.023857
1 0.631366 0.233598 0.021991 0.021869
1 0.718171 0.263419 0.015046 0.041750
1 0.896412 0.325050 0.012731 0.037773
1 0.657407 0.455268 0.020833 0.019881
1 0.625579 0.474155 0.021991 0.021869
1 0.707176 0.561630 0.018519 0.021869
1 0.596644 0.706759 0.012731 0.037773
1 0.669560 0.750497 0.019676 0.021869
1 0.607060 0.627237 0.012731 0.037773
1 0.623264 0.598410 0.019676 0.023857
0 0.086806 0.438370 0.027778 0.041750
0 0.130208 0.503976 0.024306 0.049702
0 0.114005 0.581511 0.028935 0.041750
0 0.547454 0.697813 0.048611 0.051690
0 0.691551 0.502982 0.024306 0.047714
0 0.721644 0.511928 0.019676 0.017893
6 0.721065 0.473161 0.023148 0.047714
5 0.656250 0.661034 0.087963 0.093439
6 0.554977 0.548708 0.026620 0.043738
0 0.624421 0.418489 0.010417 0.037773
0 0.636574 0.417495 0.009259 0.035785
0 0.648148 0.419483 0.009259 0.039761
0 0.659722 0.419483 0.009259 0.035785
3 0.734954 0.259443 0.020833 0.037773
1 0.184028 0.599404 0.013889 0.037773
1 0.201968 0.555666 0.021991 0.021869
1 0.211227 0.523857 0.019676 0.021869
1 0.199653 0.450298 0.021991 0.021869
1 0.248264 0.621272 0.012731 0.037773
1 0.277199 0.578529 0.021991 0.023857
1 0.226273 0.727634 0.012731 0.039761
1 0.296296 0.616302 0.023148 0.023857
1 0.337963 0.667992 0.020833 0.023857
1 0.354745 0.659046 0.012731 0.041750
1 0.253472 0.522863 0.023148 0.023857
1 0.265046 0.486083 0.023148 0.021869
1 0.266204 0.433400 0.020833 0.023857
1 0.180556 0.329026 0.013889 0.037773
1 0.043981 0.300199 0.020833 0.019881
1 0.200810 0.355865 0.021991 0.019881
1 0.197917 0.378728 0.023148 0.021869
1 0.291088 0.326044 0.012731 0.039761
1 0.301505 0.289264 0.021991 0.025845
1 0.328704 0.290258 0.020833 0.019881
1 0.380787 0.304175 0.023148 0.023857
1 0.312500 0.359841 0.011574 0.035785
1 0.302083 0.399602 0.011574 0.039761
1 0.322338 0.401590 0.012731 0.039761
1 0.335648 0.400596 0.013889 0.037773
1 0.393519 0.358847 0.020833 0.021869
1 0.380208 0.392644 0.021991 0.021869
1 0.398148 0.405567 0.013889 0.039761
1 0.399306 0.455268 0.013889 0.039761
1 0.291088 0.459245 0.012731 0.039761
1 0.292245 0.499006 0.012731 0.031809
1 0.310764 0.519881 0.012731 0.037773
3 0.513889 0.648111 0.018519 0.027833
1 0.717014 0.597416 0.012731 0.041750
1 0.640046 0.749503 0.023148 0.023857
1 0.704861 0.663022 0.011574 0.037773
1 0.667824 0.562624 0.020833 0.019881
1 0.635995 0.543738 0.021991 0.021869
1 0.855903 0.334990 0.021991 0.021869
1 0.307870 0.436382 0.020833 0.021869
1 0.418403 0.566600 0.012731 0.039761
7 0.021991 0.242545 0.027778 0.091451
7 0.461806 0.051690 0.905093 0.099404
7 0.465278 0.949304 0.912037 0.097416