10 0.103630 0.333497 0.064624 0.095005
10 0.103502 0.168217 0.065911 0.104310
4 0.105175 0.255877 0.032698 0.060235
4 0.104403 0.412586 0.036818 0.055338
4 0.106076 0.470372 0.035530 0.056317
4 0.105433 0.527179 0.035788 0.057297
4 0.105175 0.583497 0.035273 0.053379
4 0.106076 0.638345 0.034501 0.056317
7 0.073378 0.789912 0.140062 0.117532
7 0.721164 0.845495 0.239444 0.091577
7 0.922503 0.817581 0.140062 0.120960
7 0.932673 0.594515 0.122297 0.127326
7 0.684217 0.117287 0.166581 0.067091
5 0.541195 0.246572 0.105046 0.200294
7 0.298919 0.116063 0.052008 0.066601
5 0.388131 0.189030 0.052266 0.097943
7 0.352214 0.396425 0.148816 0.071009
7 0.266993 0.367287 0.018023 0.068560
7 0.520597 0.576151 0.035015 0.367777
7 0.651648 0.755387 0.101442 0.036729
7 0.844104 0.573213 0.054840 0.369736
7 0.878991 0.331293 0.050978 0.103330
5 0.425335 0.551665 0.044284 0.085700
5 0.321576 0.746572 0.043769 0.085700
5 0.762487 0.761263 0.063594 0.074927
5 0.546730 0.809500 0.036303 0.067581
5 0.528579 0.882468 0.017508 0.047013
5 0.222322 0.533546 0.012101 0.022037
5 0.226056 0.607493 0.018023 0.025955
5 0.225669 0.700784 0.012101 0.033301
5 0.192842 0.714740 0.019567 0.029873
5 0.238028 0.750245 0.022400 0.032321
5 0.269181 0.533546 0.012101 0.022037
5 0.304454 0.588394 0.012616 0.023017
5 0.362770 0.852351 0.012358 0.019099
5 0.193872 0.765426 0.011843 0.035260
5 0.404737 0.860186 0.012358 0.022037
5 0.432286 0.726494 0.012873 0.023017
5 0.401519 0.750735 0.011586 0.023506
5 0.818229 0.184133 0.025747 0.047013
5 0.821704 0.342801 0.020340 0.027424
7 0.705716 0.247062 0.024202 0.084721
7 0.658857 0.272527 0.019053 0.067091
7 0.667482 0.194907 0.035273 0.037218
7 0.749743 0.194172 0.035530 0.038688
7 0.569387 0.442703 0.035788 0.037218
6 0.272915 0.279138 0.020082 0.039177
6 0.188723 0.658178 0.023172 0.039177
6 0.178811 0.829579 0.020340 0.041136
6 0.220134 0.842801 0.020082 0.036239
6 0.797760 0.301420 0.019825 0.038688
1 0.851184 0.186337 0.013903 0.046523
1 0.839212 0.184868 0.008496 0.028893
1 0.818872 0.116797 0.023944 0.024976
1 0.819645 0.144466 0.022400 0.025465
1 0.818100 0.252204 0.023944 0.023506
1 0.819258 0.225759 0.022142 0.026445
5 0.778193 0.434378 0.024459 0.046033
0 0.867147 0.145690 0.008754 0.029873
0 0.843460 0.139569 0.014418 0.014691
0 0.843332 0.154016 0.014161 0.015181
0 0.843847 0.229922 0.013646 0.012243
0 0.843718 0.243144 0.013388 0.012243
0 0.792868 0.348923 0.012616 0.012243
0 0.792739 0.336680 0.012873 0.012243
0 0.802909 0.418952 0.007981 0.024976
0 0.760942 0.344025 0.016220 0.018119
0 0.755793 0.319050 0.014676 0.014202
0 0.756308 0.303624 0.014676 0.015671
0 0.755664 0.275955 0.014418 0.015181
0 0.735067 0.244368 0.015448 0.016650
0 0.731462 0.284280 0.008239 0.027914
0 0.723738 0.298237 0.008754 0.026445
0 0.744078 0.387365 0.010299 0.017630
0 0.778193 0.183888 0.014676 0.015181
0 0.791323 0.654750 0.015705 0.017630
0 0.633496 0.730167 0.014161 0.014691
0 0.634011 0.714740 0.013131 0.016161
0 0.584706 0.750979 0.014418 0.017140
0 0.553939 0.727963 0.007467 0.025955
0 0.545829 0.747062 0.008239 0.028893
0 0.589598 0.790157 0.014933 0.016161
0 0.577111 0.803624 0.014676 0.018609
0 0.573893 0.836925 0.008754 0.029383
0 0.594876 0.837414 0.007467 0.025465
0 0.573120 0.888100 0.008239 0.028893
0 0.550335 0.872184 0.014676 0.017630
0 0.523043 0.774731 0.014676 0.014691
0 0.515963 0.762977 0.016478 0.011753
0 0.333934 0.678991 0.007724 0.028893
0 0.313980 0.684133 0.006952 0.029383
0 0.299047 0.684133 0.006952 0.024486
0 0.302909 0.646915 0.014161 0.014691
0 0.130278 0.617287 0.014418 0.015181
0 0.210608 0.885651 0.013903 0.015181
0 0.179068 0.857738 0.015191 0.017140
0 0.130536 0.560480 0.014933 0.016161
0 0.130278 0.504407 0.015963 0.017630
0 0.130278 0.447600 0.014418 0.016650
0 0.129763 0.399119 0.014933 0.017630
0 0.167868 0.345495 0.007724 0.029873
0 0.160402 0.331783 0.008754 0.027914
0 0.128733 0.242409 0.014418 0.013712
0 0.167096 0.184868 0.007724 0.028893
0 0.160273 0.170911 0.008496 0.029383
0 0.317199 0.306317 0.007209 0.025955
0 0.325180 0.307542 0.007724 0.028404
0 0.336637 0.307786 0.008496 0.027914
0 0.345263 0.307052 0.008239 0.027424
0 0.316555 0.345739 0.008496 0.026445
0 0.325309 0.347209 0.007467 0.027424
0 0.337024 0.345250 0.007724 0.028404
0 0.345005 0.345739 0.007724 0.030362
0 0.369722 0.348188 0.007724 0.025465
0 0.378476 0.348678 0.007724 0.026445
0 0.390062 0.349412 0.007724 0.027914
0 0.398301 0.348188 0.008239 0.025465
0 0.540680 0.388100 0.006694 0.027914
0 0.547760 0.388345 0.006437 0.028404
0 0.554068 0.388100 0.006179 0.024976
0 0.560505 0.387365 0.007209 0.030362
0 0.567199 0.388834 0.006694 0.027424
0 0.573893 0.387120 0.005664 0.026934
0 0.580716 0.388100 0.006952 0.027914
0 0.589727 0.386876 0.009526 0.031342
0 0.468460 0.501714 0.011586 0.012243
0 0.467945 0.514936 0.012616 0.012243
0 0.628862 0.219393 0.012616 0.014691
0 0.628605 0.232125 0.013646 0.010774
0 0.628347 0.244123 0.014161 0.012243
0 0.628218 0.257101 0.014418 0.011753
0 0.628347 0.269344 0.014676 0.012733
0 0.628218 0.281587 0.014933 0.011753
0 0.628605 0.294319 0.014676 0.012733
0 0.624614 0.329089 0.014418 0.014691
0 0.624743 0.344270 0.014161 0.015671
0 0.624614 0.360431 0.014933 0.013712
0 0.620881 0.409158 0.010041 0.019099
0 0.616504 0.417728 0.009526 0.019589
0 0.664907 0.325171 0.014161 0.015671
7 0.877446 0.427767 0.013903 0.070029
1 0.251545 0.284525 0.008754 0.028404
1 0.286818 0.336925 0.013388 0.047013
1 0.210736 0.558766 0.007981 0.027424
1 0.232878 0.553379 0.013131 0.014691
1 0.258754 0.552889 0.014933 0.015671
1 0.291066 0.547013 0.014161 0.013712
1 0.274974 0.641038 0.008754 0.029383
1 0.237642 0.645690 0.006694 0.026934
1 0.211123 0.688541 0.013388 0.012733
1 0.184604 0.741185 0.007209 0.025955
1 0.215757 0.729677 0.008239 0.028404
1 0.237770 0.722576 0.015705 0.015181
1 0.209964 0.776934 0.012616 0.013222
1 0.181643 0.788688 0.014161 0.014202
1 0.191555 0.859941 0.008239 0.027424
1 0.226571 0.877816 0.007209 0.028893
1 0.217302 0.814643 0.013388 0.015181
1 0.304325 0.812439 0.006694 0.027424
1 0.317842 0.812684 0.006437 0.027914
1 0.350669 0.835455 0.012358 0.011753
1 0.351442 0.820274 0.012358 0.012733
1 0.377575 0.665034 0.007467 0.027424
1 0.374871 0.727228 0.007209 0.026445
1 0.389032 0.734084 0.013388 0.014691
1 0.389032 0.542360 0.014418 0.013222
1 0.388903 0.528893 0.014676 0.014691
1 0.351571 0.144956 0.007467 0.025465
1 0.372812 0.117777 0.006694 0.026934
1 0.379763 0.115573 0.006179 0.029383
1 0.348481 0.168217 0.014161 0.014202
1 0.343847 0.187561 0.014161 0.013712
1 0.344104 0.201518 0.016220 0.014202
1 0.345520 0.226494 0.015448 0.018119
1 0.366375 0.265671 0.006179 0.025955
1 0.373198 0.266650 0.005922 0.027914
1 0.384655 0.267140 0.006694 0.027914
1 0.391735 0.266895 0.006952 0.028404
1 0.404094 0.267140 0.007981 0.027914
1 0.411432 0.266650 0.007724 0.029873
1 0.427394 0.186092 0.013903 0.014691
1 0.427394 0.200049 0.014933 0.014202
1 0.479016 0.142018 0.006952 0.027424
1 0.462796 0.248041 0.014676 0.016161
1 0.488028 0.366063 0.015705 0.017140
1 0.446704 0.483105 0.006694 0.028893
1 0.440139 0.482615 0.005922 0.027914
1 0.477729 0.507835 0.006952 0.028404
1 0.457775 0.508080 0.006694 0.027914
1 0.461123 0.526690 0.013388 0.011263
1 0.466143 0.538932 0.014161 0.013222
1 0.460736 0.551420 0.015705 0.013712
1 0.441298 0.631734 0.005664 0.021548
1 0.434861 0.632958 0.005664 0.023017
1 0.495881 0.848188 0.008754 0.028404
1 0.518409 0.841577 0.007981 0.027914
1 0.511200 0.806807 0.013131 0.013222
1 0.557415 0.753673 0.007724 0.026445
1 0.572863 0.780362 0.008239 0.027914
1 0.715113 0.781342 0.015191 0.017140
1 0.659243 0.724535 0.011071 0.023996
1 0.629763 0.669442 0.013388 0.024486
1 0.591272 0.598188 0.012101 0.024976
1 0.581231 0.491185 0.012616 0.014691
1 0.610968 0.427277 0.011329 0.023017
1 0.526133 0.381734 0.013646 0.015181
1 0.651519 0.348433 0.014676 0.027914
1 0.611226 0.261263 0.008754 0.029873
1 0.617405 0.182664 0.015448 0.016650
1 0.567456 0.108717 0.008754 0.029383
1 0.695932 0.323457 0.012873 0.024976
1 0.756952 0.411606 0.012358 0.021058
1 0.787976 0.485309 0.013131 0.025465
1 0.738671 0.376102 0.012873 0.022527
1 0.785659 0.590842 0.013646 0.028893
1 0.775875 0.608717 0.015705 0.030362
1 0.762616 0.634182 0.015963 0.030362
1 0.753605 0.652302 0.013903 0.027424
1 0.716401 0.720862 0.015705 0.031342
1 0.769696 0.675073 0.013131 0.013222
1 0.762101 0.714740 0.014933 0.014202
1 0.326468 0.679236 0.006694 0.029383
0 0.199665 0.627571 0.014161 0.015181
5 0.686663 0.529628 0.193100 0.365818