0 0.049905 0.180339 0.016762 0.014915
3 0.136571 0.197966 0.034667 0.055593
1 0.136381 0.240678 0.008381 0.008136
3 0.158476 0.318644 0.031238 0.062373
0 0.175619 0.116610 0.007619 0.033898
6 0.202286 0.116610 0.029714 0.061017
6 0.237333 0.158983 0.028952 0.060339
1 0.212762 0.196610 0.027048 0.018983
1 0.183810 0.230847 0.025524 0.018305
0 0.236762 0.115593 0.019429 0.014237
0 0.266667 0.119322 0.025905 0.063729
0 0.301333 0.034576 0.017524 0.017627
0 0.045524 0.422034 0.026286 0.019661
1 0.063619 0.421695 0.009143 0.010847
0 0.032000 0.524407 0.009143 0.034576
1 0.104571 0.491864 0.017905 0.015593
0 0.131429 0.524068 0.018286 0.013559
1 0.187048 0.404746 0.025143 0.020339
1 0.214095 0.436949 0.025905 0.019661
0 0.259429 0.185763 0.017524 0.013559
1 0.298095 0.198644 0.017905 0.013559
0 0.283810 0.255932 0.019048 0.014237
0 0.320000 0.265085 0.016000 0.014915
0 0.312571 0.248136 0.017143 0.014915
6 0.281905 0.301356 0.031238 0.053559
6 0.293143 0.367119 0.035429 0.053559
1 0.305905 0.291864 0.008381 0.010169
0 0.322286 0.348475 0.016762 0.016271
0 0.322667 0.371186 0.019810 0.011525
1 0.347429 0.365085 0.007619 0.030508
1 0.357333 0.365085 0.007619 0.030508
1 0.367238 0.365085 0.007619 0.030508
1 0.376762 0.365763 0.007619 0.030508
1 0.386667 0.364407 0.007619 0.030508
1 0.406476 0.364407 0.007619 0.030508
1 0.416000 0.364407 0.007619 0.030508
1 0.425524 0.364407 0.007619 0.030508
1 0.435429 0.363729 0.007619 0.030508
1 0.454857 0.363729 0.007619 0.030508
1 0.474286 0.363729 0.007619 0.030508
1 0.483810 0.363051 0.007619 0.030508
1 0.493714 0.363729 0.007619 0.030508
1 0.513524 0.363729 0.007619 0.030508
1 0.526667 0.341695 0.016381 0.069153
5 0.657905 0.207119 0.153905 0.061695
7 0.505714 0.119322 0.443048 0.116610
1 0.611810 0.375593 0.009143 0.010847
1 0.625905 0.388814 0.004571 0.015593
1 0.650857 0.337627 0.005714 0.016271
1 0.657714 0.374915 0.008000 0.012203
1 0.657905 0.391525 0.009143 0.010169
1 0.642095 0.393559 0.008762 0.008814
1 0.630857 0.410169 0.008381 0.009492
1 0.615619 0.423729 0.009143 0.009492
1 0.676952 0.410847 0.009905 0.010847
1 0.719238 0.373559 0.009143 0.010847
1 0.703810 0.373898 0.008762 0.010169
1 0.749905 0.333898 0.005714 0.015593
0 0.680381 0.343729 0.007619 0.029831
0 0.689905 0.343729 0.007619 0.029831
0 0.700000 0.343390 0.008000 0.030508
0 0.709524 0.343051 0.008000 0.032542
0 0.718857 0.342034 0.007619 0.031864
0 0.728762 0.342712 0.007619 0.030508
0 0.739048 0.342712 0.009143 0.031864
3 0.798476 0.049831 0.054095 0.058983
1 0.804381 0.168136 0.008762 0.010847
1 0.868762 0.051186 0.054476 0.048136
0 0.901714 0.097288 0.008381 0.031864
1 0.901905 0.209831 0.017143 0.014237
1 0.898476 0.224746 0.008762 0.008814
0 0.905714 0.372542 0.008762 0.030508
7 0.098476 0.664746 0.155048 0.251525
0 0.203619 0.524068 0.008762 0.031186
1 0.222667 0.517288 0.005714 0.016271
1 0.228381 0.516949 0.005714 0.016949
1 0.251238 0.517627 0.005714 0.015593
1 0.257143 0.516949 0.005333 0.015593
1 0.296190 0.513220 0.005714 0.017627
1 0.198095 0.558983 0.008381 0.008814
1 0.198095 0.598305 0.008381 0.010169
1 0.198286 0.613220 0.017143 0.015593
1 0.268952 0.605085 0.016762 0.015593
1 0.272762 0.578983 0.009143 0.012203
0 0.268762 0.535932 0.017905 0.015593
0 0.195429 0.580000 0.017524 0.014237
1 0.223810 0.651186 0.005714 0.015593
1 0.237905 0.651186 0.004952 0.015593
1 0.260762 0.640000 0.009524 0.012203
1 0.227048 0.709153 0.006095 0.016271
1 0.237524 0.709831 0.004952 0.017627
1 0.245143 0.714576 0.005714 0.016271
1 0.269714 0.692203 0.009143 0.010847
1 0.362857 0.405424 0.017905 0.013559
1 0.363238 0.423390 0.017143 0.014237
1 0.362476 0.440339 0.017143 0.014237
1 0.363238 0.458644 0.017143 0.014237
1 0.362857 0.475593 0.017143 0.014237
1 0.362857 0.493220 0.017143 0.014237
1 0.363238 0.510169 0.017143 0.014237
1 0.317333 0.520000 0.016000 0.067797
1 0.363619 0.562373 0.017143 0.014237
1 0.363619 0.580000 0.017143 0.014237
1 0.363238 0.597627 0.017143 0.014237
1 0.363619 0.614576 0.017143 0.014237
1 0.363619 0.632203 0.017143 0.014237
1 0.363619 0.649153 0.017143 0.014237
1 0.364000 0.666780 0.017143 0.014237
0 0.288381 0.407797 0.017524 0.015593
1 0.428762 0.535932 0.017143 0.014237
1 0.436571 0.567458 0.008381 0.029831
1 0.436000 0.600000 0.008000 0.031186
1 0.440571 0.477288 0.017143 0.014915
1 0.479048 0.466441 0.017905 0.013559
1 0.489524 0.494237 0.009143 0.010847
1 0.485524 0.534915 0.017905 0.016271
1 0.504000 0.535254 0.017524 0.015593
1 0.526286 0.534576 0.017143 0.014237
1 0.490095 0.580678 0.008000 0.031864
1 0.489905 0.604407 0.007619 0.010169
1 0.497905 0.625424 0.007619 0.031864
1 0.458286 0.563051 0.008381 0.031864
1 0.458667 0.594576 0.008381 0.031186
0 0.458476 0.408136 0.007238 0.031186
0 0.458857 0.441017 0.008000 0.029153
0 0.551238 0.417627 0.017524 0.014915
1 0.551619 0.446441 0.017524 0.014237
1 0.551238 0.482373 0.017524 0.014237
1 0.551619 0.516271 0.017524 0.014237
1 0.551619 0.533898 0.017524 0.014237
1 0.552000 0.551525 0.017524 0.014237
1 0.552381 0.594915 0.017524 0.014237
1 0.551810 0.612203 0.017143 0.014915
1 0.551810 0.630508 0.017143 0.014915
0 0.551238 0.464407 0.017524 0.013559
0 0.551238 0.499322 0.017524 0.012881
1 0.603238 0.509153 0.005714 0.016271
1 0.623048 0.500339 0.006476 0.016271
1 0.638476 0.500000 0.006095 0.016949
1 0.663429 0.503051 0.006476 0.016271
1 0.676952 0.485424 0.009905 0.009492
1 0.697143 0.520678 0.009905 0.009492
1 0.712381 0.521017 0.009905 0.011525
1 0.720381 0.557627 0.009143 0.011525
1 0.704762 0.558305 0.010667 0.011525
1 0.676952 0.575932 0.009143 0.010169
1 0.666286 0.584407 0.009905 0.009492
1 0.643048 0.576949 0.009905 0.010847
1 0.632190 0.594915 0.009524 0.011525
1 0.626857 0.573220 0.004952 0.018305
1 0.612762 0.559661 0.009524 0.010169
1 0.616571 0.607458 0.009524 0.012203
0 0.673524 0.450847 0.018286 0.016271
0 0.685905 0.517288 0.008762 0.031186
0 0.736952 0.660678 0.008762 0.031864
0 0.847048 0.554237 0.008000 0.031864
0 0.870286 0.472881 0.017905 0.014237
1 0.898095 0.498644 0.010286 0.010169
1 0.900952 0.518305 0.018286 0.014237
3 0.966476 0.577966 0.033524 0.094237
1 0.060952 0.824746 0.011429 0.046780
3 0.090667 0.830508 0.031238 0.056949
3 0.148190 0.821695 0.029714 0.061017
0 0.130857 0.902034 0.008000 0.033220
0 0.197714 0.952542 0.035048 0.016271
0 0.185333 0.900678 0.008762 0.030508
0 0.187048 0.723390 0.016762 0.014915
0 0.187429 0.740339 0.016762 0.014915
0 0.267619 0.858983 0.017143 0.013559
0 0.268381 0.878644 0.018667 0.014915
5 0.269143 0.904068 0.014095 0.027797
0 0.240000 0.901017 0.009905 0.031186
0 0.268381 0.930508 0.017143 0.018305
5 0.301524 0.736610 0.025524 0.049492
7 0.509905 0.878305 0.440762 0.121356
7 0.745333 0.869492 0.018667 0.121356
1 0.392952 0.709492 0.008762 0.030508
1 0.402476 0.709492 0.008762 0.030508
1 0.412000 0.709492 0.008762 0.030508
1 0.422286 0.710169 0.008762 0.030508
1 0.431810 0.710169 0.008762 0.030508
1 0.441333 0.709492 0.008762 0.030508
1 0.451238 0.709492 0.008762 0.030508
1 0.461143 0.708814 0.008762 0.030508
1 0.470667 0.709492 0.008762 0.030508
1 0.480571 0.708136 0.008762 0.030508
1 0.490095 0.708814 0.008762 0.030508
1 0.500381 0.708814 0.008762 0.030508
1 0.509524 0.708136 0.008762 0.030508
1 0.604381 0.693898 0.005714 0.018305
1 0.620952 0.706102 0.009143 0.011525
1 0.641714 0.684407 0.005714 0.016949
1 0.664762 0.684746 0.006095 0.017627
1 0.678095 0.670508 0.009143 0.010847
1 0.695810 0.688475 0.008762 0.011525
1 0.705333 0.706102 0.008762 0.010169
1 0.720571 0.705085 0.009524 0.010847
1 0.844190 0.707119 0.005333 0.017627
1 0.856190 0.693220 0.017905 0.014237
0 0.847810 0.760339 0.008000 0.029153
1 0.852190 0.883051 0.009143 0.010169
1 0.856571 0.900000 0.019429 0.015593
1 0.888381 0.937627 0.055619 0.050169
1 0.455810 0.535593 0.017143 0.016271
1 0.493905 0.327119 0.005714 0.016949