4 0.095083 0.036042 0.026508 0.025442
0 0.097003 0.058657 0.016519 0.014134
0 0.101614 0.086572 0.008068 0.031802
2 0.137726 0.072438 0.031886 0.053004
1 0.192662 0.050530 0.054168 0.050177
0 0.079139 0.120495 0.007683 0.031802
0 0.079139 0.157244 0.007683 0.031802
5 0.111794 0.157244 0.039954 0.078445
1 0.148098 0.140283 0.014983 0.068551
1 0.088744 0.200353 0.016904 0.016254
1 0.127929 0.220495 0.039186 0.033922
1 0.184403 0.203534 0.009988 0.046643
0 0.195159 0.143816 0.007683 0.031802
0 0.205916 0.143816 0.007683 0.030389
1 0.216673 0.143463 0.007683 0.031095
5 0.203227 0.203887 0.019977 0.054417
1 0.223012 0.203534 0.011909 0.048057
1 0.236650 0.202827 0.008452 0.032509
2 0.137149 0.319788 0.079139 0.144876
7 0.033807 0.342756 0.051479 0.274205
0 0.079524 0.411661 0.008452 0.031802
0 0.079332 0.449117 0.008068 0.031802
0 0.091433 0.378799 0.008452 0.032509
5 0.111218 0.446996 0.039570 0.075618
1 0.087015 0.491519 0.017288 0.014841
1 0.148675 0.431095 0.015367 0.069258
1 0.129274 0.512014 0.039570 0.036042
1 0.209758 0.277032 0.053016 0.048057
1 0.209758 0.331802 0.053016 0.047350
0 0.254514 0.277385 0.008068 0.030389
0 0.264118 0.277385 0.008068 0.030389
0 0.273338 0.276678 0.008068 0.030389
0 0.282559 0.277385 0.008068 0.030389
0 0.292547 0.277385 0.008068 0.030389
0 0.302151 0.277385 0.008068 0.030389
0 0.311371 0.276678 0.008068 0.030389
0 0.320976 0.276678 0.008068 0.030389
1 0.330964 0.276678 0.007299 0.031802
1 0.304072 0.115901 0.026508 0.097527
1 0.362082 0.045230 0.016519 0.015548
1 0.375144 0.115194 0.027276 0.097527
1 0.340184 0.270671 0.004994 0.015548
1 0.340569 0.337809 0.004994 0.015548
0 0.384364 0.285512 0.018056 0.015548
6 0.384556 0.238516 0.027660 0.058657
5 0.449673 0.083746 0.114099 0.028975
1 0.400499 0.120495 0.008836 0.010601
5 0.482904 0.121201 0.095275 0.030389
5 0.510949 0.152650 0.148290 0.031095
1 0.461583 0.326502 0.026508 0.097527
0 0.493853 0.366431 0.016519 0.016254
5 0.493853 0.328269 0.024203 0.045936
1 0.522090 0.328269 0.026124 0.096820
1 0.550711 0.328622 0.025740 0.097527
1 0.579524 0.328975 0.026508 0.096820
1 0.626777 0.360777 0.008068 0.030389
0 0.620246 0.033216 0.016519 0.014134
4 0.642720 0.033216 0.020745 0.016961
10 0.633884 0.115548 0.046869 0.101060
5 0.667499 0.300000 0.058778 0.142049
7 0.797733 0.083392 0.166347 0.124382
7 0.848252 0.301413 0.302728 0.341343
0 0.129466 0.594346 0.007683 0.031095
0 0.130042 0.631095 0.008068 0.031095
0 0.150211 0.561484 0.008452 0.031802
5 0.159816 0.629329 0.040722 0.077032
2 0.186131 0.544523 0.031886 0.051590
1 0.196120 0.613074 0.014983 0.068551
1 0.241836 0.678445 0.016519 0.069258
1 0.242028 0.595760 0.016904 0.070671
1 0.241260 0.408481 0.015367 0.069258
1 0.241644 0.492580 0.016135 0.069258
0 0.203803 0.385512 0.034960 0.017668
0 0.254514 0.345230 0.007299 0.031802
0 0.264118 0.345936 0.007299 0.031802
0 0.273723 0.345230 0.007299 0.031802
0 0.283327 0.345936 0.007299 0.031802
0 0.292931 0.345936 0.007299 0.031802
0 0.302536 0.345230 0.007299 0.031802
0 0.311756 0.345230 0.007299 0.031802
0 0.321744 0.345230 0.007299 0.031802
0 0.331348 0.344523 0.007299 0.031802
5 0.326162 0.450177 0.134460 0.161131
5 0.325778 0.636042 0.134460 0.161131
1 0.426239 0.446996 0.025740 0.098233
1 0.426239 0.621201 0.025740 0.097527
5 0.528813 0.534276 0.163273 0.298233
1 0.629850 0.449117 0.026508 0.096820
1 0.621975 0.510247 0.016135 0.015548
1 0.621975 0.560777 0.016135 0.014841
1 0.629466 0.619788 0.026508 0.097527
0 0.654821 0.621908 0.008836 0.063604
0 0.673454 0.416254 0.016135 0.014134
0 0.673454 0.433216 0.016135 0.014134
0 0.673454 0.450883 0.016135 0.014134
5 0.688244 0.511307 0.024203 0.053004
0 0.695159 0.558304 0.008068 0.031095
2 0.691510 0.619435 0.013830 0.062898
2 0.731464 0.472085 0.033039 0.025442
1 0.765079 0.472792 0.024971 0.019788
5 0.746638 0.579152 0.081060 0.149117
5 0.713023 0.689399 0.025355 0.045936
0 0.738763 0.680565 0.016904 0.014134
0 0.654437 0.784452 0.037265 0.049470
5 0.686131 0.779859 0.013830 0.024735
1 0.683442 0.740283 0.008452 0.010601
5 0.754706 0.749117 0.053400 0.098940
1 0.855551 0.504594 0.036112 0.029682
1 0.907799 0.504594 0.052247 0.048057
0 0.870342 0.551943 0.015751 0.015548
5 0.865732 0.612367 0.044948 0.084099
1 0.898194 0.598940 0.007683 0.010601
1 0.905109 0.629682 0.003842 0.014134
7 0.936420 0.703887 0.065693 0.179505
1 0.833846 0.625088 0.008068 0.010601
1 0.834422 0.637456 0.007683 0.008481
0 0.827123 0.651943 0.016135 0.014841
1 0.816750 0.673852 0.016904 0.014841
1 0.828659 0.673145 0.004610 0.014841
1 0.835574 0.673145 0.005378 0.016254
1 0.852670 0.673852 0.024203 0.020495
0 0.810603 0.713781 0.007683 0.033922
5 0.840569 0.738163 0.043027 0.079859
3 0.886285 0.710601 0.028429 0.064311
1 0.799270 0.749117 0.024971 0.019788
0 0.933154 0.813428 0.016904 0.014134
1 0.138110 0.684099 0.016519 0.015548
2 0.185939 0.754064 0.032270 0.053710
1 0.196888 0.821555 0.015751 0.067138
0 0.150595 0.768551 0.007683 0.031802
0 0.131387 0.802120 0.007683 0.031095
0 0.131387 0.839576 0.007683 0.032509
5 0.160200 0.837102 0.040722 0.075618
1 0.133884 0.880565 0.017288 0.015548
1 0.176527 0.902473 0.039570 0.035336
1 0.111218 0.949117 0.053400 0.050883
3 0.176335 0.954770 0.051479 0.057951
1 0.176143 0.693640 0.039570 0.034629
7 0.251249 0.874558 0.019209 0.120848
1 0.372647 0.801413 0.005378 0.014134
1 0.380330 0.796466 0.008452 0.031095
1 0.376489 0.881979 0.026124 0.097527
1 0.491548 0.724028 0.011141 0.047350
0 0.537457 0.883039 0.016904 0.016254
2 0.507876 0.727562 0.013830 0.061484
2 0.525355 0.775618 0.014214 0.064311
1 0.567038 0.742403 0.026124 0.098233
1 0.595467 0.742403 0.026892 0.098233
2 0.541875 0.729682 0.013446 0.062898
1 0.530158 0.716608 0.005378 0.015548
1 0.522282 0.719788 0.007299 0.031802
0 0.621398 0.960424 0.016519 0.015548
4 0.646177 0.961484 0.021514 0.019081
10 0.635036 0.879152 0.049942 0.111661
8 0.762966 0.933216 0.027660 0.092580
8 0.816558 0.929682 0.030350 0.089753
8 0.872263 0.886926 0.031118 0.093286
7 0.759892 0.865724 0.024587 0.045230
7 0.812908 0.863251 0.026124 0.045936
7 0.867845 0.953004 0.024587 0.040283
0 0.596811 0.213781 0.034191 0.017668