10 0.029912 0.143783 0.035992 0.048870
10 0.029912 0.198138 0.035506 0.047872
7 0.158560 0.184508 0.014105 0.017952
5 0.273711 0.157414 0.066391 0.102726
0 0.233098 0.096576 0.008025 0.004322
0 0.232855 0.103890 0.007539 0.004322
0 0.232977 0.110871 0.007296 0.004322
0 0.232855 0.118185 0.008025 0.004322
0 0.233098 0.125332 0.007539 0.004654
0 0.232977 0.132812 0.007782 0.004322
0 0.232855 0.139960 0.008025 0.004654
0 0.232733 0.147274 0.007782 0.004654
0 0.232733 0.154754 0.007782 0.004987
0 0.232612 0.162068 0.008025 0.004322
0 0.232855 0.169049 0.008025 0.004322
0 0.232733 0.176197 0.008268 0.005319
0 0.232612 0.183511 0.008025 0.004654
0 0.232612 0.190991 0.007539 0.004322
0 0.232369 0.197972 0.007539 0.004322
0 0.232733 0.205618 0.007782 0.004987
0 0.232612 0.212766 0.008025 0.004654
0 0.233098 0.219914 0.007053 0.004987
0 0.238448 0.237035 0.003648 0.011968
0 0.243677 0.236536 0.003405 0.011636
0 0.249149 0.237035 0.003648 0.011303
0 0.254377 0.236868 0.003405 0.011636
0 0.259484 0.236702 0.003405 0.011303
0 0.264956 0.236536 0.003648 0.010971
0 0.270550 0.236868 0.003648 0.011636
0 0.275657 0.236702 0.003648 0.011303
0 0.281007 0.237035 0.003648 0.011968
0 0.286479 0.237035 0.003891 0.011968
0 0.291586 0.237035 0.002918 0.011968
0 0.296936 0.237035 0.003405 0.011968
0 0.302286 0.237201 0.003405 0.011636
0 0.307758 0.237367 0.003648 0.011968
0 0.312986 0.237035 0.003891 0.011968
0 0.246717 0.093085 0.003648 0.010638
0 0.251946 0.093418 0.003891 0.011968
0 0.257174 0.093085 0.003648 0.011303
0 0.262646 0.093085 0.003891 0.011303
0 0.268118 0.092753 0.003648 0.010638
0 0.273468 0.093418 0.003648 0.011303
0 0.278696 0.093251 0.003891 0.010971
0 0.284047 0.093251 0.003405 0.012301
0 0.289397 0.093251 0.003891 0.012301
0 0.294625 0.093251 0.003648 0.011636
0 0.299976 0.093584 0.003648 0.012301
0 0.305326 0.093251 0.003161 0.011636
0 0.310554 0.092753 0.003891 0.011968
0 0.319553 0.096576 0.007782 0.004987
0 0.319553 0.103557 0.007782 0.004987
0 0.320039 0.111037 0.008268 0.004654
0 0.319796 0.118185 0.007782 0.005652
0 0.320039 0.125665 0.007782 0.005319
0 0.319674 0.132979 0.008512 0.005319
0 0.319674 0.140293 0.007539 0.005319
0 0.319917 0.147440 0.008025 0.005652
0 0.319674 0.154754 0.008025 0.005652
0 0.319674 0.162234 0.008025 0.005319
0 0.319553 0.169382 0.007782 0.004987
0 0.319796 0.176695 0.007782 0.004987
0 0.319674 0.183843 0.008025 0.004654
0 0.319674 0.191323 0.008025 0.005652
0 0.319796 0.198471 0.008268 0.005319
0 0.319553 0.205452 0.007782 0.005319
0 0.319553 0.212932 0.008268 0.004987
0 0.319431 0.220578 0.008025 0.005652
7 0.363570 0.160738 0.034533 0.019614
0 0.352383 0.147606 0.008268 0.004654
0 0.377432 0.147773 0.008268 0.004987
0 0.352262 0.179521 0.007539 0.004654
1 0.365759 0.179688 0.012160 0.006316
0 0.379134 0.180186 0.007296 0.005984
7 0.363084 0.192985 0.034533 0.016955
7 0.419747 0.216423 0.013619 0.019947
10 0.480058 0.161237 0.035506 0.049202
10 0.479937 0.240525 0.035263 0.048870
6 0.528332 0.152759 0.015321 0.020944
4 0.512281 0.159076 0.011916 0.008976
0 0.528575 0.165891 0.008025 0.004654
0 0.528575 0.170878 0.008025 0.004654
7 0.679110 0.242686 0.233220 0.283245
0 0.527967 0.241523 0.008268 0.004987
0 0.527845 0.246509 0.008512 0.004987
4 0.513011 0.235040 0.011430 0.006649
6 0.528453 0.228225 0.014105 0.020279
7 0.831469 0.116190 0.013132 0.018285
8 0.808001 0.217088 0.018726 0.036569
10 0.846790 0.215426 0.035506 0.047872
7 0.896158 0.174535 0.023833 0.123670
7 0.965102 0.193650 0.044990 0.091423
13 0.967048 0.318816 0.046449 0.062500
7 0.922544 0.360206 0.015321 0.019614
4 0.816634 0.294215 0.011673 0.007314
4 0.816756 0.316988 0.012403 0.006316
0 0.830739 0.294382 0.008755 0.005652
0 0.830861 0.317154 0.008025 0.005319
7 0.834022 0.361702 0.012889 0.017287
4 0.038059 0.277261 0.010944 0.005984
6 0.053867 0.268285 0.014835 0.018617
0 0.054839 0.280918 0.007539 0.004654
0 0.054961 0.285572 0.008268 0.004654
7 0.041586 0.320146 0.013132 0.017952
4 0.099951 0.277759 0.012160 0.007646
6 0.116245 0.267786 0.014591 0.019614
0 0.116367 0.280918 0.007539 0.004654
0 0.116367 0.285572 0.008025 0.004654
5 0.275292 0.399767 0.156128 0.213098
0 0.040370 0.388630 0.007782 0.005319
1 0.028940 0.387467 0.012646 0.005652
0 0.017753 0.387965 0.007782 0.004654
7 0.027116 0.400765 0.034776 0.016955
0 0.018482 0.418384 0.007782 0.003657
0 0.040856 0.418551 0.007782 0.004654
7 0.038546 0.430186 0.011916 0.016622
8 0.018847 0.429521 0.027481 0.019282
5 0.102991 0.404255 0.075632 0.091755
0 0.055691 0.358045 0.007782 0.004654
0 0.055691 0.365027 0.008268 0.004654
0 0.055447 0.372340 0.007296 0.003989
0 0.055569 0.379488 0.007539 0.004322
0 0.055447 0.386802 0.007782 0.004987
0 0.055569 0.394116 0.007539 0.004322
0 0.055569 0.401430 0.008025 0.004987
0 0.055447 0.408577 0.007782 0.004654
0 0.055083 0.416223 0.007539 0.004654
0 0.055326 0.422872 0.008025 0.004654
0 0.055447 0.430519 0.007782 0.005319
0 0.055326 0.437999 0.008025 0.004987
0 0.055447 0.445479 0.007782 0.005319
0 0.059339 0.460106 0.003405 0.010638
0 0.064689 0.459774 0.003405 0.011303
0 0.069917 0.459940 0.003161 0.010971
0 0.075389 0.459940 0.003405 0.010971
0 0.080618 0.460439 0.003161 0.011303
0 0.086211 0.460439 0.003161 0.011968
0 0.091318 0.460439 0.003648 0.011303
0 0.096790 0.460106 0.003405 0.011303
0 0.101897 0.460106 0.003405 0.011303
0 0.107369 0.460106 0.003161 0.011968
0 0.112840 0.460106 0.003405 0.011303
0 0.117826 0.460273 0.003648 0.011636
0 0.123541 0.459940 0.003405 0.010971
0 0.128769 0.460273 0.003648 0.010971
0 0.134120 0.460273 0.003161 0.010971
0 0.139591 0.459940 0.003405 0.010971
0 0.144820 0.459940 0.003161 0.011636
0 0.149927 0.460273 0.003161 0.011636
0 0.059825 0.345412 0.003405 0.010638
0 0.065054 0.345246 0.003648 0.010306
0 0.070282 0.345911 0.003405 0.010971
0 0.075632 0.345578 0.003405 0.010971
0 0.080861 0.345745 0.003161 0.010638
0 0.086454 0.345745 0.003648 0.011303
0 0.091804 0.345745 0.003161 0.010638
0 0.096911 0.345578 0.003648 0.010971
0 0.102262 0.345745 0.003648 0.010638
0 0.107855 0.345745 0.003648 0.011303
0 0.112962 0.345745 0.003648 0.011303
0 0.118312 0.345911 0.003161 0.010971
0 0.123784 0.345911 0.003891 0.010971
0 0.129013 0.345745 0.003648 0.011968
0 0.134363 0.345911 0.003648 0.012301
0 0.139470 0.346077 0.003161 0.011968
0 0.144820 0.346410 0.003648 0.011303
0 0.150292 0.346077 0.003405 0.011968
0 0.159168 0.350898 0.008512 0.004322
0 0.159411 0.357879 0.008512 0.004322
0 0.159047 0.365359 0.007782 0.004654
0 0.159168 0.372673 0.008025 0.003989
0 0.159290 0.379654 0.007782 0.004654
0 0.159168 0.387301 0.008025 0.004654
0 0.159047 0.394448 0.007782 0.004322
0 0.158925 0.401762 0.007539 0.004987
0 0.158925 0.408910 0.008512 0.004654
0 0.159168 0.416223 0.008025 0.004654
0 0.159168 0.423703 0.008025 0.004322
0 0.159047 0.431184 0.007782 0.004654
0 0.159047 0.438331 0.007782 0.004987
0 0.158925 0.445645 0.007539 0.004987
0 0.158804 0.452793 0.008268 0.004654
7 0.142267 0.487533 0.014105 0.018949
0 0.398225 0.352394 0.008512 0.004654
0 0.398346 0.359541 0.008268 0.004987
0 0.398225 0.367188 0.008025 0.004987
0 0.398103 0.374501 0.008268 0.004987
0 0.398103 0.381483 0.008268 0.004322
0 0.398103 0.388797 0.008268 0.004987
0 0.398346 0.396443 0.007782 0.004987
0 0.398225 0.403590 0.008025 0.005319
0 0.397982 0.410572 0.008025 0.004654
0 0.397860 0.418218 0.007782 0.004654
0 0.398103 0.425199 0.007782 0.004654
0 0.397860 0.432846 0.007782 0.004654
0 0.397860 0.439993 0.008755 0.004987
0 0.397617 0.447473 0.008268 0.004654
0 0.397738 0.454787 0.008512 0.004654
0 0.407588 0.460605 0.003405 0.010306
0 0.412695 0.460439 0.003405 0.009973
0 0.418166 0.460605 0.003648 0.010971
0 0.423395 0.460771 0.003405 0.011968
0 0.428624 0.460771 0.003648 0.011968
0 0.434095 0.460273 0.003891 0.010971
0 0.439446 0.460439 0.003405 0.011303
0 0.444796 0.460938 0.003405 0.011636
0 0.450146 0.460771 0.003405 0.011303
0 0.455496 0.460938 0.003891 0.011636
0 0.460603 0.460605 0.003405 0.010971
0 0.466196 0.460439 0.003405 0.011303
0 0.471425 0.460771 0.003648 0.010638
0 0.476897 0.460605 0.003405 0.010971
0 0.482125 0.460273 0.003161 0.010971
0 0.487476 0.460771 0.003648 0.011968
0 0.492704 0.460771 0.003405 0.011303
0 0.498298 0.460605 0.003891 0.011636
0 0.407588 0.344914 0.003405 0.011636
0 0.412938 0.345080 0.003891 0.011303
0 0.418288 0.345080 0.003891 0.011968
0 0.423638 0.344914 0.003405 0.011636
0 0.428867 0.344914 0.003161 0.011636
0 0.434460 0.345080 0.003161 0.011303
0 0.439567 0.344747 0.003161 0.010638
0 0.445039 0.344914 0.003405 0.010971
0 0.450511 0.344581 0.003648 0.010306
0 0.455739 0.344914 0.003405 0.009641
0 0.460846 0.344747 0.003891 0.009973
0 0.466440 0.344747 0.003405 0.010638
0 0.471668 0.345080 0.003648 0.011303
0 0.476897 0.345080 0.003405 0.010638
0 0.482369 0.345080 0.003161 0.011303
0 0.487840 0.345246 0.003405 0.010971
0 0.493191 0.345412 0.003405 0.011303
0 0.498541 0.345412 0.003405 0.010638
0 0.502067 0.360206 0.007539 0.004987
0 0.502432 0.367354 0.007782 0.004654
0 0.501824 0.374834 0.007539 0.004987
0 0.501946 0.381981 0.007782 0.004654
0 0.502310 0.389295 0.007539 0.004654
0 0.501946 0.396775 0.007296 0.004322
0 0.502189 0.404089 0.007296 0.004987
0 0.502189 0.411237 0.007296 0.004654
0 0.502067 0.418717 0.007539 0.004987
0 0.502189 0.425864 0.007296 0.004654
0 0.502067 0.432846 0.008025 0.004654
0 0.502067 0.440492 0.008025 0.004654
0 0.501946 0.447473 0.007782 0.004654
5 0.450997 0.401762 0.074660 0.091423
0 0.524319 0.388797 0.007296 0.004987
7 0.548638 0.401263 0.011187 0.015957
8 0.531980 0.399934 0.022617 0.019282
1 0.539154 0.417055 0.011673 0.006316
0 0.551313 0.417719 0.007782 0.004322
7 0.525292 0.430352 0.010700 0.016955
8 0.541464 0.429189 0.024562 0.019947
7 0.595331 0.429355 0.012646 0.018285
8 0.638132 0.421875 0.015078 0.032580
8 0.651508 0.422041 0.011187 0.033577
8 0.662573 0.421875 0.010944 0.033910
8 0.673395 0.422207 0.010700 0.033245
7 0.688716 0.422706 0.019455 0.032247
7 0.752067 0.475565 0.035263 0.016955
5 0.799976 0.500665 0.034290 0.040559
5 0.800097 0.580286 0.034047 0.041556
7 0.747082 0.608045 0.023833 0.139628
7 0.797179 0.666223 0.013132 0.019282
7 0.754134 0.781416 0.012646 0.139960
7 0.717656 0.852560 0.015078 0.018285
7 0.026508 0.562666 0.052529 0.187832
0 0.068701 0.555020 0.008025 0.004987
2 0.066634 0.564993 0.014105 0.009641
2 0.066756 0.576463 0.014835 0.009973
1 0.066634 0.590592 0.012160 0.006981
5 0.099830 0.571975 0.035749 0.041556
0 0.129985 0.557680 0.008025 0.004987
1 0.130107 0.564328 0.012646 0.006981
1 0.129864 0.573138 0.012646 0.005984
1 0.130107 0.582779 0.012646 0.006649
1 0.129985 0.591589 0.012403 0.006981
7 0.189689 0.636303 0.014105 0.017952
2 0.263862 0.523604 0.007296 0.019947
1 0.230666 0.633976 0.003161 0.010638
1 0.238692 0.633810 0.009971 0.030918
1 0.246960 0.633477 0.005107 0.017620
11 0.264105 0.641622 0.023346 0.047207
11 0.315661 0.639794 0.023346 0.046875
1 0.281250 0.630984 0.003161 0.011303
0 0.280642 0.660073 0.007782 0.004322
1 0.289397 0.632314 0.010214 0.031250
1 0.299489 0.632314 0.004134 0.017952
0 0.334387 0.658411 0.008268 0.004987
7 0.376946 0.635971 0.014105 0.016622
7 0.406493 0.509641 0.013862 0.018617
7 0.489421 0.634641 0.013375 0.019947
7 0.549368 0.484874 0.013619 0.020279
0 0.584266 0.489860 0.027481 0.015625
13 0.620987 0.479721 0.044504 0.033245
0 0.655156 0.489860 0.025292 0.015625
1 0.568580 0.550864 0.048638 0.027926
4 0.642631 0.525931 0.011430 0.008644
6 0.661843 0.519282 0.013862 0.018617
0 0.661965 0.532580 0.007782 0.004654
1 0.648225 0.553191 0.047909 0.028590
1 0.692364 0.557846 0.014591 0.009973
1 0.679718 0.576297 0.014591 0.009641
1 0.679596 0.591423 0.012889 0.006649
1 0.617826 0.566489 0.008025 0.004654
1 0.621839 0.579289 0.011187 0.006316
1 0.621474 0.593085 0.011430 0.005984
1 0.621231 0.606549 0.012889 0.006316
1 0.698200 0.604222 0.006809 0.020279
1 0.698444 0.633311 0.007296 0.020612
1 0.679353 0.629987 0.020671 0.065160
5 0.646158 0.617354 0.034047 0.060505
0 0.606396 0.565824 0.012403 0.006649
0 0.617947 0.572307 0.008268 0.004987
0 0.617947 0.586104 0.007296 0.005319
0 0.618191 0.600066 0.007782 0.005319
2 0.571984 0.613032 0.061770 0.077793
2 0.574295 0.684176 0.031858 0.025931
0 0.575268 0.706283 0.027481 0.015625
1 0.576605 0.719914 0.012646 0.007646
1 0.574781 0.740027 0.047909 0.029255
1 0.576240 0.760805 0.012403 0.007646
1 0.617947 0.676862 0.012646 0.007314
1 0.614908 0.757979 0.012403 0.007314
7 0.639470 0.739860 0.012889 0.019614
18 0.908439 0.626662 0.160749 0.487367
7 0.032344 0.809508 0.064202 0.086436
7 0.057879 0.891622 0.013619 0.020612
7 0.161235 0.754820 0.013132 0.020279
4 0.108220 0.712766 0.010700 0.008644
0 0.121231 0.712434 0.007539 0.005319
7 0.172057 0.698305 0.040613 0.055519
7 0.228356 0.698305 0.041342 0.057513
1 0.154548 0.798537 0.049368 0.030585
1 0.151994 0.903258 0.014591 0.009309
1 0.154183 0.930186 0.047665 0.029255
4 0.210725 0.928856 0.009971 0.006649
7 0.278453 0.878657 0.016051 0.019947
6 0.228234 0.917387 0.014348 0.019614
0 0.229207 0.930851 0.008025 0.005319
0 0.228964 0.936170 0.008025 0.004654
1 0.378040 0.799036 0.036722 0.022939
1 0.372203 0.904255 0.014835 0.009973
1 0.374270 0.929521 0.049125 0.029255
6 0.445404 0.919880 0.013375 0.019282
4 0.427529 0.931184 0.011673 0.007314
0 0.446255 0.932513 0.008268 0.005319
0 0.446620 0.937500 0.008025 0.004654
7 0.502067 0.876995 0.013375 0.017287
7 0.392145 0.755818 0.013375 0.018285
7 0.356031 0.710771 0.133755 0.033910
7 0.462792 0.711436 0.033560 0.033910
8 0.428624 0.712600 0.010944 0.036237
8 0.440054 0.712766 0.011430 0.037899
1 0.602018 0.797374 0.037208 0.022939
1 0.597884 0.905751 0.014835 0.010306
1 0.599100 0.931017 0.047909 0.029588
4 0.657466 0.930186 0.011430 0.007314
6 0.673638 0.916223 0.014105 0.019947
0 0.674611 0.930352 0.007782 0.004987
0 0.674611 0.935505 0.007782 0.004654
7 0.416464 0.314162 0.013862 0.019947
7 0.616853 0.699302 0.032831 0.029588