1 0.015078 0.118019 0.007782 0.004654
0 0.073687 0.097241 0.007782 0.004987
0 0.073200 0.111702 0.007296 0.004654
0 0.073808 0.142121 0.008025 0.004322
0 0.073808 0.158078 0.008025 0.004322
0 0.072714 0.174535 0.008268 0.004654
0 0.107855 0.112533 0.008025 0.004987
0 0.107612 0.128823 0.008025 0.005652
0 0.140807 0.194814 0.007782 0.005984
1 0.259241 0.100898 0.050097 0.030918
1 0.323687 0.097906 0.049125 0.029588
1 0.243555 0.194315 0.021158 0.067487
1 0.248784 0.126995 0.027237 0.014628
1 0.324416 0.118684 0.003891 0.011303
1 0.264227 0.140459 0.008025 0.004322
1 0.264227 0.146443 0.008512 0.005652
1 0.255593 0.153424 0.008755 0.004987
0 0.263011 0.160572 0.008025 0.004654
0 0.263254 0.165725 0.007539 0.004987
0 0.264835 0.194980 0.008755 0.004987
1 0.264956 0.202128 0.008512 0.004654
1 0.255472 0.234209 0.012403 0.006981
1 0.365637 0.112699 0.004621 0.017287
1 0.392145 0.095412 0.026994 0.015293
1 0.393726 0.118185 0.027724 0.014960
1 0.394334 0.137633 0.026994 0.015293
1 0.399076 0.155585 0.012160 0.008644
1 0.405399 0.199801 0.020914 0.067154
1 0.386065 0.193650 0.008025 0.005652
1 0.385700 0.203956 0.008268 0.004987
1 0.400170 0.241689 0.013375 0.007979
1 0.385579 0.253657 0.008512 0.005984
1 0.254621 0.244016 0.013132 0.006649
0 0.231274 0.245512 0.008268 0.004987
0 0.231518 0.253158 0.007782 0.005652
0 0.242826 0.253491 0.007053 0.003657
5 0.325754 0.199136 0.105302 0.144947
1 0.526994 0.112035 0.048152 0.030585
1 0.529426 0.161569 0.049611 0.029255
1 0.583414 0.102227 0.049611 0.028923
1 0.584509 0.136802 0.049854 0.028923
1 0.642996 0.068152 0.048638 0.028590
1 0.646036 0.206449 0.048881 0.029920
1 0.575146 0.165725 0.027724 0.015625
1 0.579159 0.067985 0.026994 0.015625
1 0.518726 0.190326 0.027237 0.016290
1 0.545841 0.188165 0.008025 0.004654
1 0.545477 0.196809 0.008268 0.005319
1 0.557879 0.219415 0.049125 0.029255
1 0.604572 0.195977 0.027237 0.016290
1 0.648225 0.094914 0.026994 0.016290
1 0.647495 0.108710 0.012889 0.006649
1 0.647617 0.117354 0.013619 0.006649
1 0.644698 0.184176 0.013132 0.007314
0 0.679961 0.075964 0.007782 0.005652
0 0.680083 0.083943 0.008025 0.004987
0 0.680204 0.091090 0.007782 0.005319
0 0.680204 0.098903 0.008268 0.004987
0 0.680083 0.106051 0.008025 0.005319
0 0.680083 0.113697 0.008025 0.005319
0 0.680083 0.121011 0.008512 0.004654
0 0.680083 0.128158 0.008025 0.004987
0 0.680326 0.135805 0.008025 0.004987
0 0.680326 0.143118 0.007539 0.004987
0 0.680326 0.150598 0.008025 0.005319
0 0.680204 0.158411 0.007782 0.005652
0 0.680691 0.165725 0.007782 0.004987
0 0.680691 0.173039 0.008268 0.004987
0 0.680569 0.180352 0.008025 0.004987
0 0.680569 0.187832 0.008025 0.005319
0 0.680812 0.195312 0.007539 0.004987
0 0.680691 0.202626 0.008268 0.004987
0 0.693093 0.067154 0.003891 0.011303
0 0.698565 0.067154 0.003648 0.010638
0 0.703915 0.067487 0.003648 0.011303
0 0.709509 0.067819 0.004134 0.011968
0 0.714859 0.067653 0.003648 0.012301
0 0.720088 0.067487 0.003891 0.011968
0 0.725803 0.067653 0.003161 0.012301
0 0.731153 0.068152 0.003648 0.011968
0 0.736381 0.067487 0.003405 0.011968
0 0.742096 0.067653 0.003161 0.011636
0 0.747325 0.067487 0.003405 0.011968
0 0.753040 0.067653 0.003648 0.011636
0 0.758390 0.067985 0.003648 0.012301
0 0.770428 0.076297 0.008268 0.004987
0 0.770428 0.083610 0.008268 0.005652
0 0.770428 0.090924 0.008268 0.004987
0 0.770063 0.098238 0.007539 0.005652
0 0.770306 0.105884 0.008025 0.004987
0 0.770428 0.113198 0.008268 0.005652
0 0.770671 0.120678 0.007782 0.005319
0 0.770550 0.128324 0.008512 0.005319
0 0.770671 0.135306 0.008268 0.005319
0 0.770428 0.142786 0.007782 0.004987
0 0.770671 0.150266 0.007782 0.005984
0 0.770793 0.157912 0.008512 0.005319
0 0.770550 0.165226 0.007539 0.005319
0 0.770671 0.172706 0.007782 0.004987
0 0.770793 0.179854 0.007539 0.005984
0 0.770793 0.187334 0.008025 0.004987
0 0.770793 0.194980 0.007539 0.005652
0 0.771158 0.202626 0.008268 0.004987
0 0.752067 0.188830 0.007539 0.004654
0 0.691269 0.213265 0.003648 0.012301
0 0.696620 0.214096 0.003161 0.011968
0 0.702091 0.213763 0.003891 0.011968
0 0.707442 0.213930 0.003405 0.012301
0 0.712792 0.213431 0.003405 0.011303
0 0.718264 0.213597 0.003648 0.012301
0 0.723857 0.213431 0.003648 0.012633
0 0.729329 0.213597 0.003891 0.011636
0 0.734679 0.213431 0.003405 0.012633
0 0.740272 0.213763 0.003405 0.011968
0 0.745623 0.213930 0.003405 0.011636
0 0.750973 0.213597 0.003405 0.011636
0 0.756445 0.213431 0.003648 0.011968
0 0.761795 0.213763 0.003161 0.011968
0 0.767388 0.213930 0.002675 0.011636
1 0.718264 0.138963 0.011916 0.006649
1 0.727018 0.126330 0.004621 0.017287
1 0.717777 0.111868 0.008025 0.004987
1 0.717899 0.117520 0.007782 0.004322
1 0.704523 0.129820 0.008268 0.004987
1 0.704645 0.136469 0.008512 0.004322
1 0.718264 0.154255 0.008025 0.005319
1 0.718385 0.160572 0.008755 0.005319
1 0.726654 0.151430 0.004864 0.018285
1 0.736138 0.111702 0.007782 0.005319
1 0.735895 0.117852 0.008268 0.004987
1 0.735773 0.123836 0.007053 0.004987
1 0.735895 0.129820 0.008268 0.004987
1 0.735287 0.138963 0.012403 0.006649
1 0.753405 0.129654 0.007296 0.004654
1 0.753769 0.135638 0.007539 0.004654
1 0.735895 0.147773 0.007296 0.004987
1 0.736138 0.154255 0.007296 0.004654
1 0.736017 0.160239 0.008512 0.004654
1 0.810068 0.060838 0.048638 0.029255
1 0.788303 0.083112 0.012889 0.006649
1 0.817364 0.090093 0.027237 0.015957
1 0.815905 0.119847 0.049125 0.029588
1 0.813716 0.136968 0.012646 0.007314
1 0.814810 0.150598 0.026994 0.015293
1 0.813594 0.162899 0.012889 0.006649
1 0.877797 0.088431 0.048881 0.029920
1 0.864421 0.132480 0.027481 0.015625
1 0.864664 0.152759 0.027481 0.015625
0 0.894942 0.142952 0.008755 0.004654
0 0.894942 0.159242 0.008268 0.005984
0 0.895428 0.175033 0.008268 0.004322
0 0.976046 0.126995 0.007539 0.004654
0 0.974587 0.177527 0.008025 0.005319
1 0.922544 0.193318 0.049368 0.028923
1 0.921936 0.226396 0.048638 0.029255
1 0.923881 0.254654 0.027237 0.015293
1 0.864300 0.193152 0.048638 0.027926
1 0.864908 0.221077 0.049368 0.027261
1 0.815540 0.183344 0.049368 0.028923
1 0.815175 0.217254 0.049125 0.029588
1 0.927408 0.270944 0.008998 0.005319
1 0.927529 0.279920 0.008755 0.005319
1 0.925462 0.297207 0.012889 0.006649
1 0.900900 0.297041 0.013375 0.006981
1 0.980302 0.329621 0.027724 0.015625
1 0.870136 0.238364 0.008755 0.005319
1 0.858341 0.252826 0.026994 0.014960
1 0.857855 0.273271 0.026994 0.015293
1 0.860165 0.297872 0.048638 0.028590
1 0.847641 0.238697 0.012403 0.007314
1 0.821984 0.242354 0.026265 0.015293
1 0.823322 0.260971 0.026994 0.015293
1 0.822228 0.271775 0.013132 0.006316
1 0.822106 0.278923 0.012889 0.006649
1 0.822228 0.286070 0.012646 0.006316
1 0.822714 0.292387 0.008268 0.004987
0 0.823200 0.299535 0.015078 0.009309
0 0.823444 0.311170 0.014591 0.009309
1 0.823565 0.321809 0.012889 0.007314
1 0.823930 0.330618 0.013132 0.006316
1 0.796085 0.249834 0.004621 0.018949
1 0.789518 0.248670 0.004621 0.017287
0 0.782709 0.249834 0.006566 0.020279
0 0.774319 0.250000 0.006809 0.020612
1 0.767510 0.249834 0.004864 0.017620
1 0.761795 0.250499 0.004621 0.018285
1 0.754864 0.250997 0.004377 0.017952
1 0.738205 0.249834 0.027481 0.016290
1 0.729207 0.232380 0.013862 0.005984
1 0.718507 0.254156 0.003161 0.010971
1 0.793531 0.286735 0.007782 0.004987
1 0.793288 0.291888 0.007782 0.005319
1 0.798030 0.305186 0.007539 0.005319
1 0.793531 0.310672 0.008268 0.004987
1 0.780399 0.329621 0.008268 0.004987
1 0.779791 0.292387 0.008512 0.004987
1 0.762403 0.311004 0.009241 0.004987
1 0.762403 0.335439 0.008268 0.005984
1 0.766780 0.347407 0.008268 0.004654
1 0.744163 0.298870 0.008268 0.005984
1 0.730910 0.292553 0.007539 0.005319
1 0.735773 0.323471 0.007539 0.004654
1 0.744528 0.329455 0.008512 0.005319
1 0.746960 0.338098 0.003161 0.011303
1 0.767023 0.360206 0.008755 0.004987
1 0.766780 0.365858 0.008755 0.004987
1 0.737962 0.350898 0.003161 0.010971
1 0.742218 0.351064 0.003405 0.011303
1 0.749392 0.359541 0.008025 0.004987
1 0.749514 0.372174 0.008268 0.004987
1 0.726775 0.351562 0.004621 0.017620
1 0.720088 0.350731 0.003891 0.011303
0 0.802529 0.341589 0.007296 0.004322
0 0.793531 0.347407 0.008268 0.004654
0 0.793653 0.366024 0.008512 0.005319
0 0.802651 0.366024 0.008998 0.005319
0 0.807758 0.346576 0.007539 0.004987
0 0.808001 0.351729 0.007539 0.004654
1 0.802772 0.372340 0.007782 0.004654
0 0.943945 0.325299 0.003648 0.011636
0 0.938351 0.325465 0.003648 0.011968
0 0.933123 0.325133 0.003405 0.012633
0 0.927651 0.325632 0.003648 0.012965
0 0.922057 0.325632 0.003648 0.012301
0 0.916707 0.325465 0.003648 0.011968
0 0.911600 0.325632 0.003161 0.012965
0 0.905885 0.325465 0.003405 0.011968
0 0.900778 0.325632 0.003405 0.012301
0 0.895185 0.325632 0.003405 0.012301
0 0.889956 0.325798 0.003161 0.011968
0 0.884363 0.325964 0.003648 0.012965
0 0.851532 0.325133 0.003161 0.011968
0 0.857369 0.326297 0.003161 0.012301
0 0.862840 0.325964 0.003405 0.012965
0 0.867826 0.325465 0.003648 0.011968
0 0.873419 0.325632 0.003648 0.012301
0 0.878891 0.325299 0.003405 0.012301
1 0.976289 0.351064 0.012889 0.007314
0 0.951848 0.342586 0.007782 0.004987
0 0.951848 0.350066 0.007782 0.005319
0 0.951848 0.357214 0.007296 0.004987
0 0.952091 0.364694 0.007782 0.004654
0 0.952091 0.372340 0.007782 0.004654
0 0.952213 0.379488 0.008025 0.004322
0 0.952091 0.387301 0.007782 0.003989
0 0.952213 0.394448 0.007539 0.004987
0 0.952335 0.402094 0.007782 0.004987
0 0.952213 0.409242 0.008025 0.004654
0 0.952335 0.416722 0.007782 0.004322
0 0.951970 0.424202 0.007539 0.004654
0 0.952091 0.431516 0.008268 0.004654
0 0.844358 0.335439 0.007782 0.003989
0 0.844236 0.342753 0.007539 0.004654
0 0.844358 0.350233 0.008268 0.004987
0 0.844236 0.357879 0.008512 0.004987
0 0.844480 0.365359 0.008025 0.004654
0 0.844601 0.372507 0.008268 0.004322
0 0.844358 0.380153 0.007782 0.004987
0 0.844723 0.387799 0.008025 0.003657
0 0.844723 0.395113 0.008025 0.004322
0 0.844844 0.402593 0.007782 0.004654
0 0.844723 0.410073 0.008025 0.004322
0 0.844480 0.417719 0.008025 0.004322
0 0.844844 0.424701 0.008268 0.004987
0 0.844480 0.432181 0.007539 0.004654
0 0.844723 0.439661 0.008025 0.004322
0 0.852505 0.445645 0.003161 0.010971
0 0.857733 0.445811 0.003405 0.011303
0 0.862962 0.445645 0.003161 0.010971
0 0.868677 0.445479 0.003405 0.011968
0 0.874027 0.445811 0.004377 0.011968
0 0.944431 0.445811 0.003161 0.011968
0 0.939081 0.445146 0.003161 0.011303
0 0.933487 0.445146 0.003648 0.011968
0 0.928259 0.445645 0.003891 0.011636
0 0.922787 0.445479 0.003648 0.011968
0 0.917437 0.445479 0.003161 0.011968
0 0.912087 0.445645 0.003161 0.011636
0 0.906372 0.445479 0.003405 0.011303
0 0.901143 0.445811 0.003161 0.011303
0 0.895428 0.445479 0.003405 0.012633
0 0.898589 0.462932 0.013132 0.004987
0 0.890443 0.445479 0.003648 0.011968
0 0.884849 0.445479 0.003648 0.011303
0 0.879377 0.445977 0.003405 0.012301
1 0.838643 0.469249 0.027481 0.014960
1 0.901873 0.352892 0.003161 0.010306
1 0.906250 0.352560 0.003161 0.010971
1 0.915248 0.371011 0.003161 0.011303
1 0.919747 0.371177 0.002918 0.011636
1 0.909411 0.382646 0.012403 0.006649
1 0.899441 0.370844 0.005107 0.017620
1 0.891659 0.382646 0.012403 0.005984
1 0.899562 0.395778 0.005350 0.016955
1 0.906615 0.395279 0.003405 0.011303
1 0.910992 0.395279 0.003405 0.011968
1 0.915613 0.395445 0.002918 0.011636
1 0.919990 0.395279 0.003405 0.011303
1 0.883998 0.371343 0.002918 0.011303
1 0.888375 0.370678 0.002918 0.011303
1 0.884363 0.395113 0.003161 0.010971
1 0.888862 0.395279 0.002918 0.011303
1 0.893118 0.395612 0.003161 0.011968
0 0.864786 0.414229 0.002432 0.010638
1 0.901629 0.420047 0.003161 0.011636
1 0.906615 0.420379 0.002918 0.012301
1 0.976046 0.436835 0.012889 0.006649
1 0.975924 0.447806 0.013132 0.006649
1 0.824416 0.395113 0.013132 0.005652
1 0.824538 0.402593 0.012889 0.006649
1 0.824416 0.410572 0.012646 0.006649
1 0.824660 0.427194 0.012646 0.006649
1 0.822957 0.444481 0.008268 0.003989
0 0.701970 0.290226 0.003161 0.010638
0 0.706712 0.296210 0.003405 0.011303
0 0.717291 0.292719 0.007539 0.004322
0 0.717412 0.299036 0.007296 0.004987
0 0.717534 0.305020 0.007539 0.004987
0 0.724465 0.308344 0.003405 0.011636
0 0.672909 0.335771 0.007782 0.004654
0 0.664032 0.341922 0.007539 0.004987
0 0.673273 0.341922 0.007053 0.004987
0 0.663911 0.347906 0.007782 0.004987
0 0.659655 0.372507 0.008512 0.004987
0 0.660019 0.378823 0.008268 0.004322
1 0.654791 0.286902 0.008025 0.005319
1 0.664032 0.287068 0.008025 0.006316
1 0.664032 0.292886 0.008025 0.004654
1 0.673030 0.286569 0.008025 0.005319
1 0.673152 0.292719 0.007782 0.005652
1 0.695161 0.305020 0.008025 0.005652
1 0.654669 0.305352 0.008755 0.004987
1 0.659533 0.313996 0.007296 0.004322
1 0.673030 0.329953 0.008025 0.004322
1 0.699781 0.335439 0.008025 0.005319
1 0.711089 0.327128 0.002918 0.011968
1 0.715345 0.332945 0.002675 0.012301
1 0.706590 0.338763 0.003161 0.011968
1 0.711089 0.350898 0.003405 0.010971
1 0.704402 0.353890 0.007539 0.005652
1 0.686406 0.347739 0.008025 0.005984
1 0.686527 0.360372 0.008268 0.004654
1 0.686406 0.366024 0.008025 0.004654
1 0.704402 0.366356 0.008998 0.005984
1 0.673152 0.360206 0.008268 0.005652
0 0.751094 0.338098 0.002675 0.010638
1 0.647374 0.371011 0.003405 0.010638
1 0.704767 0.381316 0.012646 0.006649
1 0.707563 0.254654 0.003648 0.011968
1 0.700754 0.254654 0.004621 0.017952
1 0.694553 0.253989 0.004377 0.017952
0 0.687743 0.256815 0.006809 0.020944
0 0.679596 0.256483 0.007053 0.020944
1 0.673273 0.256649 0.004134 0.017952
1 0.645793 0.228557 0.026508 0.014295
1 0.645063 0.242354 0.013862 0.007979
1 0.646036 0.254987 0.027481 0.015293
1 0.631931 0.267453 0.013375 0.005652
1 0.633147 0.277094 0.013862 0.006316
1 0.633390 0.286735 0.013375 0.006316
0 0.632904 0.298870 0.014348 0.009309
0 0.635214 0.320977 0.014591 0.009641
1 0.633633 0.309508 0.012403 0.005984
1 0.633998 0.329953 0.012160 0.006981
1 0.604207 0.215924 0.026994 0.015625
1 0.604329 0.236868 0.027237 0.015625
1 0.602748 0.252161 0.012889 0.008976
1 0.604329 0.265126 0.026751 0.015625
1 0.604450 0.283910 0.027481 0.015957
1 0.609193 0.295047 0.007782 0.004987
0 0.611017 0.301363 0.008025 0.004987
1 0.554475 0.295711 0.012646 0.006981
1 0.555204 0.276596 0.027724 0.015957
1 0.557636 0.249501 0.049611 0.028258
1 0.519577 0.273770 0.013375 0.008976
1 0.478356 0.249834 0.049125 0.028923
1 0.477262 0.286735 0.049368 0.030253
1 0.396279 0.273105 0.027481 0.016290
0 0.010700 0.285572 0.008268 0.005984
0 0.026751 0.285738 0.007782 0.004987
0 0.011552 0.317487 0.008025 0.004654
1 0.032831 0.383311 0.013619 0.006649
1 0.034533 0.395778 0.027724 0.016290
1 0.033804 0.409741 0.013132 0.006981
0 0.034168 0.422706 0.007539 0.005652
0 0.033925 0.438664 0.007539 0.004322
1 0.046936 0.468418 0.050097 0.029255
1 0.048638 0.508976 0.049125 0.029920
1 0.188108 0.448138 0.028453 0.016622
1 0.181177 0.461270 0.009241 0.006316
1 0.164275 0.488364 0.009484 0.005319
1 0.167680 0.515957 0.008512 0.006649
1 0.189202 0.515791 0.008268 0.005652
1 0.210238 0.516290 0.009484 0.005984
1 0.210117 0.541057 0.008755 0.006316
1 0.167194 0.541223 0.008512 0.005984
1 0.190418 0.529089 0.026751 0.015625
1 0.189932 0.541057 0.007782 0.005652
1 0.237476 0.481715 0.027967 0.015957
0 0.248298 0.447640 0.007782 0.006316
1 0.236989 0.502161 0.013375 0.007646
1 0.167437 0.598737 0.008512 0.005319
1 0.189932 0.598737 0.013619 0.007314
1 0.209874 0.598737 0.008268 0.005984
1 0.191634 0.620013 0.027724 0.015293
11 0.234436 0.282414 0.035992 0.046210
0 0.211454 0.294382 0.007539 0.005652
1 0.266659 0.274767 0.013375 0.007646
1 0.267267 0.297207 0.010700 0.031915
1 0.286114 0.283078 0.003161 0.010971
1 0.290370 0.307181 0.012646 0.006649
1 0.291342 0.316988 0.013619 0.007646
1 0.279426 0.330618 0.027724 0.016290
1 0.308974 0.288564 0.012403 0.007314
1 0.329159 0.282580 0.003161 0.010638
0 0.341075 0.280585 0.003161 0.011303
1 0.367461 0.289727 0.012646 0.007646
1 0.330010 0.312168 0.049125 0.029255
1 0.328915 0.345745 0.049368 0.027926
0 0.303380 0.367354 0.003161 0.011303
0 0.308852 0.366855 0.002918 0.011636
1 0.321984 0.367021 0.003405 0.011968
1 0.325875 0.367021 0.002918 0.011303
0 0.332198 0.367021 0.003405 0.010638
0 0.342412 0.367188 0.002918 0.010971
0 0.322714 0.428856 0.003405 0.011968
0 0.334630 0.428358 0.003405 0.011636
0 0.345574 0.428524 0.003405 0.011968
0 0.357369 0.428191 0.003648 0.012633
1 0.464373 0.340592 0.027481 0.015625
0 0.501946 0.325299 0.003405 0.010306
0 0.507296 0.324967 0.002918 0.010306
0 0.512889 0.324967 0.003405 0.010971
0 0.518239 0.325133 0.002918 0.010638
0 0.523711 0.325299 0.003161 0.010306
0 0.529304 0.324967 0.003648 0.010971
0 0.534655 0.324967 0.002675 0.010971
0 0.540005 0.324967 0.003161 0.010971
0 0.545598 0.324801 0.003161 0.011303
0 0.550948 0.324634 0.003161 0.010971
0 0.556663 0.324801 0.003405 0.010638
0 0.561892 0.324634 0.003161 0.010306
0 0.567485 0.324967 0.003161 0.010971
0 0.572836 0.324634 0.003161 0.010971
0 0.578186 0.324468 0.003161 0.011303
0 0.583779 0.324468 0.003648 0.011303
0 0.589251 0.324302 0.003405 0.010971
0 0.594723 0.324468 0.003648 0.011303
0 0.602991 0.330286 0.007539 0.005652
0 0.602991 0.337600 0.007539 0.004987
0 0.602870 0.345080 0.007296 0.004654
0 0.602748 0.352394 0.006566 0.004654
0 0.602991 0.360040 0.007053 0.004654
0 0.603356 0.367354 0.007782 0.004654
0 0.602991 0.374668 0.008025 0.004654
0 0.602991 0.382148 0.008025 0.004987
0 0.602991 0.389628 0.008025 0.005319
0 0.603234 0.397108 0.008025 0.004987
0 0.603113 0.404588 0.008268 0.004654
0 0.603356 0.412068 0.008268 0.004987
0 0.603234 0.419880 0.008512 0.004654
0 0.603234 0.427028 0.008025 0.004322
0 0.603234 0.434840 0.008512 0.004654
1 0.458536 0.442819 0.049368 0.028590
1 0.458536 0.490858 0.049368 0.028923
0 0.494407 0.338265 0.008268 0.004987
0 0.494407 0.345578 0.008268 0.004322
0 0.494163 0.353059 0.008268 0.004654
0 0.494285 0.360372 0.008025 0.004654
0 0.494407 0.368019 0.007782 0.004654
0 0.494163 0.375665 0.008268 0.004654
0 0.494285 0.382812 0.008025 0.004322
0 0.494285 0.390126 0.007539 0.004987
0 0.494163 0.397773 0.008268 0.004322
0 0.494528 0.405253 0.008512 0.004654
0 0.494528 0.412899 0.008025 0.003989
0 0.494528 0.420379 0.008025 0.004322
0 0.494650 0.427527 0.008755 0.004654
0 0.502310 0.446476 0.003648 0.011968
0 0.507661 0.446144 0.003161 0.011303
0 0.513254 0.446310 0.003161 0.010971
0 0.518726 0.446476 0.003405 0.011303
0 0.524076 0.446144 0.003405 0.011303
0 0.529548 0.446144 0.003161 0.011303
0 0.535141 0.446144 0.003161 0.011303
0 0.540491 0.446310 0.003161 0.012301
0 0.545963 0.446144 0.003405 0.011303
0 0.551435 0.445977 0.003648 0.011636
0 0.556907 0.445977 0.003405 0.011636
0 0.562378 0.445977 0.003161 0.010971
0 0.567729 0.445977 0.003161 0.010971
0 0.573565 0.445977 0.003161 0.010971
0 0.578794 0.445811 0.003405 0.011303
0 0.584266 0.445977 0.003161 0.011636
0 0.589859 0.445977 0.003161 0.011636
0 0.595331 0.445977 0.002918 0.011636
0 0.586333 0.350399 0.003405 0.010638
1 0.541342 0.388132 0.012646 0.006981
1 0.558731 0.388464 0.012403 0.006316
1 0.549976 0.375332 0.004134 0.017952
1 0.549611 0.401263 0.004377 0.017952
1 0.529912 0.375499 0.002918 0.011636
1 0.534533 0.375499 0.002918 0.010971
1 0.538789 0.375166 0.003161 0.010971
1 0.543288 0.375166 0.003405 0.012301
1 0.543045 0.350898 0.003405 0.012301
1 0.547909 0.350731 0.002918 0.011303
1 0.565905 0.369348 0.003405 0.011968
1 0.561041 0.374834 0.003405 0.010971
1 0.556907 0.375332 0.002918 0.011303
1 0.530156 0.400100 0.002918 0.011636
1 0.534533 0.400432 0.002918 0.011636
1 0.543410 0.418551 0.003161 0.011303
1 0.548152 0.418052 0.002918 0.011636
1 0.561284 0.400100 0.002918 0.010971
1 0.565905 0.399767 0.002918 0.011636
1 0.624514 0.350565 0.013132 0.005652
1 0.628891 0.376164 0.027237 0.015625
1 0.652967 0.387799 0.003405 0.010971
1 0.625000 0.395279 0.013132 0.006649
1 0.625243 0.405086 0.013132 0.006981
1 0.624878 0.416722 0.012889 0.006316
1 0.625243 0.438497 0.012646 0.006649
1 0.621474 0.458943 0.008025 0.004987
1 0.622082 0.466257 0.012646 0.006316
1 0.622446 0.484375 0.026994 0.015293
1 0.646036 0.489029 0.012403 0.006649
1 0.622082 0.503324 0.027237 0.016622
1 0.623298 0.517620 0.014105 0.009309
1 0.623054 0.527759 0.012646 0.006981
1 0.651994 0.512633 0.004377 0.018617
1 0.623176 0.550698 0.027481 0.015625
1 0.622690 0.578291 0.027481 0.015625
1 0.550340 0.472241 0.012646 0.005652
1 0.550097 0.480552 0.012646 0.006316
1 0.517875 0.483211 0.027481 0.015625
1 0.479207 0.516124 0.027481 0.015625
1 0.479450 0.534574 0.027481 0.015957
1 0.495623 0.558511 0.012646 0.006649
1 0.495623 0.565824 0.008268 0.004654
1 0.558244 0.499335 0.049368 0.028590
1 0.558001 0.532580 0.049368 0.028590
1 0.556177 0.563830 0.027724 0.015957
1 0.481882 0.649102 0.027481 0.016290
1 0.505229 0.644448 0.008025 0.004322
1 0.504742 0.654588 0.008025 0.004654
1 0.480788 0.679688 0.049125 0.029588
1 0.480666 0.717088 0.049368 0.029255
0 0.524927 0.678025 0.003648 0.011636
0 0.536357 0.678690 0.004134 0.011636
0 0.548395 0.678524 0.003405 0.011968
0 0.558609 0.679023 0.002918 0.010971
0 0.570647 0.678690 0.003648 0.011636
0 0.580861 0.678524 0.003161 0.011303
0 0.592777 0.678191 0.003648 0.011303
0 0.604815 0.678025 0.003891 0.011636
0 0.616732 0.678025 0.003405 0.011636
0 0.626946 0.678025 0.002918 0.011636
0 0.638740 0.677859 0.003648 0.011303
0 0.650900 0.677527 0.003648 0.011968
0 0.661235 0.677859 0.003405 0.011303
0 0.673030 0.678025 0.003648 0.011636
0 0.684946 0.678025 0.003648 0.011636
0 0.696984 0.677693 0.003891 0.011636
0 0.707442 0.677693 0.003405 0.011636
1 0.675219 0.547872 0.049368 0.028590
1 0.676556 0.584441 0.049611 0.028590
1 0.666829 0.406416 0.002918 0.011636
1 0.704645 0.390625 0.007539 0.003989
1 0.687014 0.396775 0.007782 0.004322
1 0.704645 0.403092 0.007539 0.004987
1 0.727383 0.411569 0.004377 0.016622
1 0.673273 0.427693 0.008025 0.004987
1 0.673638 0.433344 0.007782 0.003657
1 0.659898 0.452294 0.008025 0.004987
1 0.659898 0.458112 0.008025 0.004654
1 0.660019 0.476729 0.007782 0.004654
1 0.693337 0.461270 0.002918 0.010971
1 0.686527 0.415392 0.008268 0.004322
1 0.695890 0.421044 0.008025 0.004322
1 0.695768 0.427693 0.007782 0.004322
1 0.707077 0.412234 0.003161 0.011303
1 0.711576 0.412068 0.003405 0.011636
1 0.715832 0.412400 0.003161 0.011636
1 0.720331 0.411902 0.002918 0.011303
1 0.704645 0.427859 0.008025 0.004654
1 0.711333 0.424701 0.003405 0.010971
1 0.715710 0.430519 0.003405 0.011303
1 0.709266 0.458278 0.008025 0.004987
0 0.718507 0.464594 0.007053 0.004987
0 0.718264 0.470412 0.007539 0.004654
1 0.718264 0.476396 0.008025 0.003989
1 0.733706 0.412400 0.002918 0.010971
1 0.738084 0.412733 0.003405 0.011636
1 0.742704 0.412068 0.002918 0.010971
1 0.747082 0.412234 0.002918 0.011303
1 0.749027 0.396609 0.008268 0.004654
1 0.749149 0.402759 0.008025 0.005652
1 0.766902 0.396609 0.008512 0.004654
1 0.767023 0.402427 0.007782 0.004322
1 0.800705 0.393617 0.003161 0.010638
1 0.787208 0.411735 0.002918 0.011636
1 0.780642 0.432846 0.008268 0.004654
1 0.758147 0.420878 0.007053 0.003989
1 0.758268 0.427527 0.007782 0.004654
1 0.751824 0.424701 0.003161 0.010971
1 0.742339 0.430685 0.003161 0.011636
1 0.746960 0.430519 0.003648 0.011303
1 0.794261 0.445479 0.007782 0.004654
1 0.794261 0.451297 0.007782 0.004987
1 0.794382 0.457114 0.008025 0.004654
1 0.794747 0.469747 0.008268 0.003989
1 0.789762 0.475898 0.008025 0.004987
1 0.745136 0.463930 0.007782 0.004322
0 0.765199 0.442487 0.003161 0.011303
0 0.740516 0.445645 0.007296 0.004987
0 0.740151 0.452128 0.007053 0.003989
0 0.736381 0.464096 0.008268 0.003989
0 0.736260 0.470246 0.007539 0.004322
0 0.662330 0.511968 0.007539 0.021277
0 0.670720 0.511636 0.006809 0.021277
1 0.677894 0.511968 0.004134 0.018617
1 0.696620 0.510805 0.004134 0.018949
1 0.701483 0.511303 0.003648 0.011968
1 0.711333 0.510306 0.004864 0.018617
1 0.736017 0.546044 0.048881 0.028258
1 0.795477 0.550033 0.049125 0.028923
1 0.758268 0.511968 0.002918 0.011303
1 0.766172 0.512134 0.004621 0.018285
1 0.774562 0.512633 0.004864 0.017952
1 0.798760 0.511303 0.004621 0.018617
1 0.806055 0.497174 0.004621 0.017620
1 0.816513 0.486203 0.004134 0.017620
1 0.818458 0.519947 0.026994 0.015293
1 0.726289 0.575299 0.027481 0.015625
1 0.795963 0.573803 0.027237 0.015957
1 0.795233 0.591423 0.027724 0.015293
0 0.791707 0.686835 0.008025 0.004654
0 0.818701 0.687168 0.007539 0.004654
0 0.782344 0.511469 0.007296 0.020944
0 0.790978 0.511469 0.007053 0.020944
1 0.822471 0.456782 0.007782 0.003989
1 0.845209 0.492520 0.048881 0.028258
1 0.898468 0.481383 0.048395 0.027926
1 0.898711 0.512301 0.049368 0.029255
1 0.897982 0.530585 0.008512 0.003989
1 0.942607 0.481715 0.013132 0.006649
1 0.942729 0.499668 0.013375 0.006649
1 0.940297 0.517620 0.027481 0.015957
1 0.847884 0.510638 0.012889 0.005984
1 0.847641 0.518617 0.012889 0.005984
1 0.849465 0.531582 0.027237 0.015293
1 0.847155 0.553524 0.013375 0.006649
1 0.849222 0.569814 0.027237 0.015293
1 0.848857 0.590924 0.026994 0.015625
1 0.903332 0.611536 0.049854 0.028923
1 0.907588 0.640791 0.027237 0.015625
1 0.886795 0.670379 0.027481 0.015625
1 0.911114 0.666888 0.008025 0.004654
1 0.911114 0.675532 0.008512 0.004654
1 0.896036 0.721410 0.048881 0.028590
1 0.895063 0.756483 0.048881 0.028258
7 0.848006 0.848903 0.056907 0.039561
7 0.623784 0.849900 0.059339 0.040226
7 0.393361 0.852726 0.060068 0.041888