4 0.786479 0.316157 0.009241 0.129654
5 0.858463 0.538896 0.004377 0.011303
5 0.852383 0.506150 0.005837 0.009641
5 0.830618 0.506483 0.006080 0.009641
5 0.097033 0.632979 0.005350 0.013298
5 0.198079 0.654588 0.025049 0.020612
11 0.346425 0.607214 0.011916 0.072141
5 0.882661 0.652094 0.008025 0.006316
5 0.689932 0.795379 0.040856 0.171210
7 0.072714 0.327128 0.089008 0.196809
18 0.212913 0.241190 0.202578 0.459774
7 0.592169 0.104056 0.403696 0.050532
7 0.897009 0.223570 0.077091 0.064162
7 0.878161 0.319315 0.090467 0.033577
7 0.852140 0.208444 0.003405 0.011303
0 0.905399 0.293551 0.002918 0.009973
0 0.894820 0.293717 0.002675 0.009641
10 0.734193 0.230552 0.034533 0.046875
0 0.905399 0.342586 0.002918 0.008976
0 0.899319 0.366356 0.003405 0.009973
0 0.882296 0.342420 0.002918 0.009309
0 0.877310 0.364362 0.002675 0.009973
0 0.872325 0.342088 0.002432 0.009973
0 0.861138 0.342420 0.002918 0.009309
0 0.876946 0.446809 0.003405 0.010638
13 0.889227 0.407746 0.045963 0.060838
0 0.750243 0.335771 0.002918 0.009973
0 0.725803 0.336935 0.003161 0.009641
8 0.766051 0.330951 0.013619 0.035572
4 0.750851 0.367188 0.011430 0.036902
4 0.725681 0.366855 0.011673 0.037566
7 0.780885 0.411403 0.012646 0.017620
1 0.653575 0.261469 0.028940 0.060173
0 0.629499 0.313996 0.007539 0.004987
1 0.631566 0.333943 0.007296 0.004987
1 0.612232 0.272274 0.004621 0.016622
1 0.606153 0.273770 0.003161 0.010306
1 0.572592 0.272606 0.004134 0.016622
1 0.566269 0.275266 0.002675 0.009973
1 0.561649 0.275266 0.003161 0.010638
1 0.554718 0.271277 0.006323 0.019947
1 0.543045 0.270612 0.003891 0.015957
1 0.512524 0.270778 0.009971 0.031582
1 0.506566 0.301031 0.007296 0.004987
1 0.500122 0.324967 0.013862 0.008976
1 0.506809 0.334608 0.007782 0.004987
1 0.503769 0.359209 0.007053 0.004987
1 0.455618 0.339262 0.023103 0.014295
1 0.503648 0.376496 0.006809 0.004987
1 0.503891 0.383477 0.007296 0.005652
1 0.471425 0.343418 0.003161 0.011303
1 0.476654 0.343750 0.003405 0.010638
1 0.501946 0.403258 0.012160 0.007314
11 0.452943 0.379820 0.032831 0.047540
1 0.020793 0.541722 0.006566 0.014960
1 0.020428 0.619016 0.006809 0.014628
1 0.085482 0.601729 0.013862 0.011968
1 0.100195 0.602061 0.013132 0.011303
1 0.115151 0.589594 0.006080 0.014295
1 0.122446 0.591922 0.005107 0.010306
1 0.122811 0.565492 0.015078 0.029255
1 0.143847 0.550698 0.023103 0.045545
1 0.160749 0.553025 0.008268 0.019614
1 0.179718 0.500499 0.008755 0.019614
1 0.179961 0.522606 0.010700 0.009309
1 0.189689 0.571809 0.006323 0.014628
1 0.197471 0.519448 0.023346 0.046210
1 0.216318 0.534408 0.006080 0.014960
1 0.168653 0.568650 0.009971 0.010306
1 0.168410 0.598737 0.010457 0.009309
1 0.186406 0.611203 0.006566 0.014295
1 0.199416 0.603059 0.010214 0.009309
1 0.212427 0.603059 0.010944 0.009309
1 0.212670 0.593085 0.010944 0.010638
1 0.272009 0.505652 0.044018 0.039894
1 0.500973 0.613032 0.023346 0.014628
1 0.501581 0.599734 0.007539 0.004654
1 0.502189 0.590592 0.007782 0.004987
1 0.453551 0.449634 0.029183 0.060838
1 0.492096 0.449967 0.028940 0.060838
1 0.528818 0.438830 0.003648 0.009973
1 0.558487 0.445977 0.006566 0.019614
1 0.566148 0.443650 0.003405 0.010971
1 0.570768 0.441157 0.003405 0.009973
1 0.604572 0.449634 0.006323 0.019614
1 0.626946 0.409907 0.007296 0.003989
1 0.641415 0.459441 0.029912 0.061170
1 0.554353 0.526430 0.006566 0.019614
1 0.565418 0.525765 0.004377 0.016290
1 0.571133 0.521775 0.003648 0.010306
1 0.576119 0.521443 0.003405 0.010971
1 0.581590 0.526097 0.004621 0.016955
1 0.591926 0.527427 0.006323 0.018949
1 0.819917 0.507480 0.010457 0.009641
1 0.813959 0.520279 0.010700 0.008644
1 0.841561 0.507314 0.009484 0.008644
1 0.841318 0.522773 0.006080 0.014295
1 0.862962 0.499335 0.014348 0.029255
1 0.852991 0.524435 0.008512 0.018949
1 0.841318 0.569315 0.006080 0.014960
1 0.819553 0.550366 0.006809 0.006981
1 0.834144 0.546210 0.007296 0.007314
1 0.819553 0.541722 0.007296 0.006981
1 0.881323 0.505485 0.011187 0.009641
1 0.914883 0.523604 0.006809 0.015293
1 0.906372 0.608045 0.023346 0.044548
1 0.899319 0.637134 0.013132 0.012301
1 0.899562 0.651430 0.013619 0.011636
1 0.869650 0.633810 0.006323 0.014295
1 0.853964 0.634475 0.022617 0.043551
1 0.833901 0.622340 0.014591 0.029255
1 0.801678 0.604056 0.006080 0.014628
1 0.840102 0.596908 0.006566 0.014960
1 0.801800 0.577959 0.006323 0.014295
1 0.814202 0.571476 0.010214 0.008644
1 0.186162 0.635805 0.007053 0.014960
1 0.152602 0.647773 0.004621 0.009641
1 0.159411 0.635472 0.006080 0.015625
1 0.152602 0.632979 0.005107 0.009973
1 0.159290 0.654089 0.006323 0.014960
1 0.540370 0.880319 0.007296 0.004654
1 0.531128 0.879654 0.007296 0.004654
1 0.520428 0.880818 0.007296 0.003657
1 0.510336 0.882812 0.003161 0.010306
1 0.494650 0.882979 0.003405 0.010638
1 0.501946 0.907746 0.023346 0.012965
1 0.352748 0.971243 0.003161 0.010306
1 0.402845 0.931848 0.044504 0.041223
1 0.439324 0.927693 0.006080 0.019614
1 0.479086 0.953790 0.022860 0.013963
1 0.484801 0.942653 0.007053 0.004987
1 0.505107 0.952793 0.002918 0.009973
1 0.499635 0.952959 0.003161 0.011636
1 0.513011 0.934009 0.002675 0.012301
1 0.519334 0.934840 0.003161 0.010638
1 0.524805 0.953291 0.002918 0.010306
1 0.519820 0.953291 0.003648 0.010306
0 0.502675 0.314328 0.008268 0.004987
0 0.258147 0.477227 0.007053 0.004987
0 0.438108 0.343916 0.003648 0.010306
0 0.503891 0.353225 0.007296 0.004987
0 0.503769 0.365359 0.007053 0.005319
0 0.503769 0.370678 0.007539 0.004654
0 0.552651 0.474900 0.003648 0.010306
0 0.558244 0.474734 0.003161 0.011303
0 0.579888 0.474402 0.003161 0.011303
0 0.581226 0.445312 0.003405 0.010971
0 0.591318 0.473903 0.003161 0.010971
1 0.642267 0.347739 0.022860 0.015293
1 0.629256 0.362035 0.007539 0.005319
1 0.629134 0.367852 0.007296 0.004987
1 0.627554 0.382979 0.007053 0.005319
1 0.636552 0.394116 0.013862 0.009641
0 0.880715 0.490858 0.013862 0.011636
0 0.872568 0.524601 0.008268 0.018617
0 0.862840 0.524435 0.007782 0.019614
0 0.810798 0.535073 0.008268 0.017620
0 0.810676 0.556184 0.008512 0.019282
0 0.779426 0.599235 0.008755 0.018949
0 0.818580 0.609707 0.008268 0.017952
0 0.513254 0.596410 0.003648 0.009309
0 0.480545 0.574634 0.002918 0.010971
0 0.232004 0.553191 0.008755 0.018617
0 0.223371 0.553358 0.008998 0.019614
0 0.189689 0.552859 0.008268 0.019282
0 0.179961 0.552360 0.008268 0.018285
0 0.170477 0.553025 0.009241 0.018949
0 0.144090 0.597906 0.008025 0.020279
0 0.168045 0.589096 0.009728 0.008644
0 0.168288 0.579122 0.010214 0.008644
0 0.297787 0.600565 0.005107 0.011636
0 0.297422 0.614029 0.003891 0.011303
0 0.405034 0.494348 0.003161 0.009309
0 0.412087 0.495013 0.002675 0.009309
0 0.686284 0.595080 0.003405 0.009973
0 0.829888 0.646775 0.008512 0.018949
0 0.803867 0.642453 0.008025 0.018285
0 0.546814 0.638298 0.007053 0.004654
0 0.533560 0.639960 0.006809 0.004654
0 0.551921 0.665891 0.007053 0.003989
0 0.558001 0.694648 0.007053 0.004322
0 0.539154 0.668384 0.007782 0.004987
0 0.522130 0.639129 0.007782 0.004322
0 0.516902 0.650598 0.007053 0.004654
0 0.526265 0.661403 0.008268 0.004987
0 0.513497 0.660904 0.007539 0.005319
1 0.492339 0.655585 0.006566 0.019282
1 0.473735 0.655086 0.004864 0.016955
0 0.560554 0.708943 0.003405 0.010306
0 0.556177 0.751330 0.002918 0.011303
0 0.545598 0.887134 0.007539 0.004987
0 0.545720 0.892287 0.007296 0.004654
0 0.525049 0.885638 0.006809 0.004654
0 0.524927 0.890625 0.007053 0.003989
0 0.502675 0.879820 0.007296 0.004322
0 0.449416 0.897440 0.002918 0.009641
0 0.443093 0.897274 0.002918 0.009973
0 0.343750 0.865858 0.003161 0.010306
0 0.462305 0.971908 0.002918 0.009641
1 0.680447 0.968750 0.002918 0.008644
0 0.417437 0.371842 0.003648 0.009641
8 0.416342 0.410572 0.013619 0.036569
7 0.416829 0.386636 0.013132 0.012633
7 0.427772 0.342088 0.013132 0.017952
5 0.566999 0.357547 0.101897 0.141955
0 0.477505 0.389794 0.002675 0.010306
10 0.039883 0.506815 0.044261 0.038896
11 0.089616 0.540060 0.048881 0.110040
6 0.147252 0.507148 0.052286 0.040226
6 0.228964 0.528923 0.016294 0.019947
2 0.206834 0.553191 0.020671 0.019282
5 0.209630 0.576463 0.015078 0.021277
0 0.180569 0.584109 0.008512 0.014628
7 0.078429 0.652427 0.024076 0.018949
5 0.124514 0.631649 0.049125 0.067154
7 0.318458 0.568816 0.034776 0.049202
7 0.318701 0.645445 0.034776 0.048205
7 0.505958 0.532414 0.012889 0.018949
7 0.530520 0.544049 0.013375 0.018285
7 0.555447 0.564162 0.014591 0.018617
7 0.574781 0.563664 0.013862 0.019614
7 0.593142 0.564661 0.014105 0.018285
7 0.609314 0.564993 0.012889 0.020279
7 0.626459 0.564495 0.013619 0.019282
7 0.643604 0.564661 0.013375 0.018949
7 0.715710 0.556350 0.034533 0.046875
7 0.715102 0.632646 0.034776 0.048537
5 0.822349 0.491190 0.018239 0.018949
5 0.844358 0.491523 0.018482 0.018285
2 0.830739 0.527094 0.013132 0.028258
5 0.847641 0.545379 0.017753 0.018949
7 0.256201 0.641124 0.012403 0.018285
11 0.468507 0.603059 0.034776 0.032580
6 0.816391 0.642453 0.016051 0.020279
2 0.790856 0.599235 0.013132 0.028923
3 0.813594 0.587766 0.014835 0.021941
2 0.831469 0.564495 0.013619 0.027926
5 0.882782 0.638132 0.017510 0.019614
2 0.864543 0.580618 0.028696 0.048205
7 0.861746 0.817985 0.034290 0.252327
7 0.800584 0.817487 0.035019 0.251995
7 0.726046 0.731051 0.014835 0.021277
7 0.680934 0.954289 0.012646 0.013630
8 0.681177 0.929189 0.014591 0.037234
7 0.557150 0.935007 0.015078 0.034242
5 0.480545 0.772939 0.143482 0.196809
7 0.318701 0.829621 0.034290 0.047540
7 0.318215 0.905918 0.035263 0.048537
7 0.261065 0.963265 0.013862 0.019614
7 0.126702 0.823471 0.035992 0.257314
7 0.201362 0.823803 0.034533 0.255984
1 0.399441 0.989029 0.004134 0.017287
1 0.409047 0.991855 0.002918 0.011636
1 0.416707 0.988697 0.005107 0.016622
1 0.424976 0.990691 0.003648 0.010638
1 0.433001 0.990525 0.004134 0.016955
1 0.451362 0.993351 0.002918 0.009973
1 0.498298 0.981549 0.003405 0.009641
5 0.501824 0.931350 0.012403 0.019614
0 0.532223 0.887965 0.002675 0.009973
0 0.535992 0.887799 0.002918 0.010306
1 0.537573 0.957447 0.012403 0.006649
8 0.537087 0.936004 0.012889 0.036237
2 0.538789 0.984043 0.006566 0.019282