10 0.035053 0.168695 0.044927 0.050357
1 0.015922 0.212757 0.005678 0.018464
1 0.015675 0.310323 0.006171 0.018884
5 0.817576 0.236886 0.004443 0.014687
11 0.829548 0.150231 0.041224 0.026857
5 0.093310 0.327109 0.005431 0.018884
5 0.196495 0.353966 0.025673 0.027277
11 0.293755 0.255350 0.011355 0.094419
5 0.839422 0.321024 0.007652 0.018464
11 0.087139 0.211708 0.048877 0.138901
1 0.081585 0.287663 0.013577 0.014687
1 0.096396 0.288082 0.013577 0.013848
1 0.111577 0.272765 0.005431 0.018464
1 0.119230 0.242342 0.014317 0.036509
1 0.118489 0.275073 0.004443 0.013009
1 0.140336 0.222828 0.023451 0.056232
1 0.158233 0.225766 0.008393 0.024339
1 0.177117 0.187789 0.010121 0.011330
1 0.165762 0.246118 0.009627 0.010491
1 0.165391 0.283676 0.010368 0.010911
1 0.176993 0.159463 0.008887 0.024339
1 0.194890 0.182753 0.023451 0.055812
1 0.214021 0.202056 0.006912 0.018044
1 0.186991 0.249266 0.006665 0.017625
1 0.183535 0.300042 0.005184 0.018464
1 0.183535 0.330885 0.005678 0.018044
1 0.156505 0.353756 0.006418 0.017625
1 0.156258 0.330885 0.005431 0.018884
1 0.196988 0.288922 0.009874 0.012170
1 0.210565 0.276123 0.010862 0.012589
1 0.210565 0.289131 0.010368 0.010911
1 0.354234 0.137642 0.002962 0.013428
1 0.401382 0.160512 0.003950 0.021402
1 0.411133 0.163449 0.003209 0.013848
1 0.419279 0.159883 0.004690 0.020982
1 0.427672 0.163240 0.003209 0.013428
1 0.435448 0.162191 0.004443 0.021402
1 0.377685 0.219052 0.006912 0.005875
1 0.378302 0.255141 0.007159 0.006714
1 0.454332 0.166387 0.003703 0.012170
1 0.465194 0.179815 0.007159 0.024759
1 0.487534 0.101553 0.007406 0.005875
1 0.482227 0.116450 0.023451 0.017205
1 0.503209 0.115191 0.003703 0.013848
1 0.501975 0.150650 0.003209 0.014268
1 0.509010 0.114981 0.003456 0.014268
1 0.523574 0.115401 0.002962 0.015107
1 0.528758 0.115191 0.002962 0.013009
1 0.541224 0.120017 0.012589 0.010071
1 0.516663 0.091062 0.003456 0.012589
1 0.523081 0.091691 0.003950 0.013848
1 0.558627 0.207092 0.008393 0.005455
1 0.686621 0.135334 0.003703 0.013848
1 0.805233 0.212967 0.010368 0.012170
1 0.818934 0.213806 0.010121 0.011330
1 0.805604 0.226395 0.011108 0.011330
1 0.837694 0.202476 0.007159 0.018884
1 0.828684 0.252623 0.006418 0.017625
1 0.874229 0.318506 0.023945 0.056232
1 0.850407 0.295216 0.010862 0.010491
1 0.852506 0.343894 0.008640 0.023919
1 0.842878 0.343894 0.008640 0.024759
1 0.802024 0.300252 0.006912 0.018884
1 0.551592 0.251574 0.007652 0.006295
1 0.536411 0.317457 0.021229 0.083508
1 0.483584 0.263743 0.011849 0.008812
1 0.469761 0.326899 0.003950 0.020982
1 0.461244 0.325220 0.003209 0.012589
1 0.453345 0.324801 0.003209 0.012589
1 0.447174 0.325220 0.003703 0.013428
1 0.435942 0.325010 0.003950 0.013009
1 0.423229 0.324171 0.003703 0.013009
1 0.415206 0.333403 0.006418 0.025598
1 0.407430 0.323752 0.003209 0.013009
1 0.379166 0.334662 0.030116 0.075955
1 0.103308 0.447125 0.003703 0.013848
1 0.077388 0.485522 0.016045 0.064624
1 0.134905 0.462023 0.003209 0.013428
1 0.325845 0.447125 0.002962 0.013848
1 0.330783 0.447125 0.003456 0.013848
1 0.296470 0.477339 0.016292 0.065044
1 0.354357 0.442509 0.003209 0.013848
1 0.412120 0.485313 0.017033 0.064205
1 0.436189 0.412715 0.002962 0.013009
1 0.438163 0.442929 0.002962 0.013009
1 0.444088 0.442300 0.002962 0.013428
1 0.461244 0.435166 0.003209 0.015107
1 0.548753 0.449433 0.002962 0.013428
1 0.554308 0.449224 0.003209 0.013848
1 0.578129 0.440201 0.003456 0.014268
1 0.662182 0.445657 0.003209 0.013428
1 0.701185 0.597146 0.007652 0.006714
1 0.675389 0.571548 0.009380 0.035250
1 0.676623 0.618128 0.005431 0.021821
1 0.632807 0.570080 0.009134 0.034830
1 0.644902 0.651280 0.011602 0.010071
1 0.518267 0.571968 0.008146 0.035250
1 0.561219 0.571968 0.009134 0.036089
1 0.563071 0.618968 0.004937 0.020982
1 0.531597 0.651700 0.012096 0.010071
1 0.298198 0.574276 0.008887 0.033991
1 0.341027 0.574486 0.008640 0.035250
1 0.343002 0.620856 0.005678 0.020562
1 0.311651 0.654217 0.012096 0.010071
1 0.075660 0.573227 0.008640 0.035250
1 0.118736 0.573227 0.008887 0.035250
1 0.120464 0.619807 0.004937 0.021821
1 0.088744 0.653378 0.012589 0.010911
1 0.414095 0.573017 0.008640 0.035669
1 0.457418 0.572807 0.009380 0.034410
1 0.458899 0.619597 0.005431 0.021402
1 0.426685 0.653588 0.012589 0.010491
1 0.585658 0.605749 0.007652 0.006295
1 0.485065 0.609945 0.007406 0.006295
1 0.366206 0.601343 0.007652 0.005036
1 0.091459 0.706882 0.049124 0.035669
1 0.106023 0.733110 0.008146 0.006714
1 0.313009 0.708561 0.050358 0.036509
1 0.428660 0.706672 0.049124 0.036089
1 0.532831 0.705623 0.049617 0.036509
1 0.646260 0.705204 0.049371 0.035669
1 0.749198 0.766051 0.044927 0.053294
1 0.767588 0.691985 0.028882 0.075535
1 0.783387 0.745279 0.003703 0.013428
1 0.797087 0.761645 0.004443 0.021821
1 0.832017 0.653798 0.008146 0.005036
1 0.841027 0.708980 0.003456 0.013848
1 0.789805 0.840117 0.007159 0.006714
1 0.631943 0.826899 0.002962 0.013848
1 0.558751 0.824801 0.003209 0.013848
1 0.487904 0.823332 0.002715 0.014268
1 0.417058 0.818926 0.003209 0.013009
1 0.341767 0.817667 0.003209 0.013009
0 0.140829 0.282417 0.008146 0.024339
0 0.167736 0.225766 0.008640 0.024339
0 0.177487 0.226185 0.007899 0.023500
0 0.187114 0.226185 0.008887 0.024339
0 0.165391 0.271507 0.010368 0.010911
0 0.165638 0.258498 0.010368 0.010911
0 0.230314 0.226605 0.008887 0.025178
0 0.220933 0.226605 0.007899 0.024339
0 0.341027 0.249895 0.003703 0.015527
0 0.340903 0.268149 0.003456 0.012589
0 0.390151 0.218842 0.007652 0.006295
0 0.390397 0.226815 0.007652 0.006295
0 0.390397 0.243391 0.007159 0.005875
0 0.390644 0.250944 0.007159 0.005875
0 0.390768 0.259127 0.007899 0.005455
0 0.390891 0.266681 0.007159 0.006295
0 0.404221 0.184431 0.003209 0.012170
0 0.408541 0.184641 0.002962 0.014268
0 0.413108 0.184641 0.003209 0.013428
0 0.417304 0.184012 0.003209 0.013009
0 0.421501 0.184431 0.003209 0.013009
0 0.425944 0.184012 0.003209 0.014687
0 0.430264 0.185061 0.002962 0.015107
0 0.435201 0.184641 0.002962 0.014268
0 0.454332 0.186530 0.002715 0.014687
0 0.458282 0.186530 0.003703 0.013009
0 0.465070 0.138481 0.002962 0.013428
0 0.467539 0.217583 0.007899 0.005455
0 0.467539 0.223668 0.007406 0.005036
0 0.467786 0.252203 0.007406 0.006714
0 0.468033 0.259127 0.007899 0.006295
1 0.481856 0.223877 0.007406 0.005455
0 0.550975 0.203105 0.002962 0.013428
0 0.558381 0.199119 0.007899 0.006295
0 0.566527 0.203105 0.002962 0.012589
0 0.837571 0.225136 0.008393 0.023919
0 0.837448 0.249266 0.008640 0.024339
0 0.785855 0.275703 0.008640 0.024339
0 0.795359 0.275493 0.008887 0.023919
0 0.838188 0.300671 0.008640 0.023919
0 0.904345 0.241712 0.008640 0.024339
0 0.917058 0.249895 0.013824 0.013848
0 0.841521 0.428452 0.003456 0.013428
0 0.841027 0.519094 0.003950 0.013428
0 0.782646 0.477759 0.007159 0.005455
0 0.675882 0.449014 0.002962 0.013428
0 0.670081 0.453210 0.003209 0.012589
0 0.650704 0.434746 0.006912 0.005875
0 0.676376 0.488460 0.006418 0.023500
0 0.673537 0.514268 0.003209 0.013009
0 0.649840 0.507134 0.006171 0.024759
0 0.649593 0.474192 0.006171 0.025178
1 0.627499 0.483844 0.016292 0.062946
0 0.571464 0.439992 0.002962 0.013009
0 0.559738 0.447755 0.002715 0.013428
0 0.569859 0.490978 0.006171 0.025178
0 0.565416 0.515107 0.003209 0.013009
0 0.541224 0.477549 0.006665 0.024339
0 0.541224 0.508603 0.005678 0.024339
0 0.548877 0.427612 0.007652 0.005875
1 0.519625 0.483634 0.016292 0.064205
0 0.460627 0.484264 0.006912 0.024339
0 0.455813 0.460134 0.003209 0.012170
0 0.454949 0.434536 0.003456 0.013848
0 0.429400 0.453210 0.007159 0.005875
0 0.455073 0.510701 0.003209 0.012589
0 0.429400 0.508812 0.006665 0.025598
0 0.429153 0.475451 0.006171 0.024339
0 0.348679 0.442090 0.002715 0.012170
0 0.340533 0.442090 0.003209 0.012170
0 0.347075 0.487201 0.006912 0.023500
0 0.342755 0.513219 0.003209 0.013428
0 0.318810 0.508393 0.006171 0.024759
0 0.317576 0.476920 0.006171 0.024759
0 0.328808 0.425934 0.007899 0.006714
0 0.132560 0.514478 0.003456 0.014268
0 0.125154 0.490978 0.006418 0.025178
0 0.126265 0.461813 0.003209 0.013848
0 0.107628 0.447335 0.003456 0.015107
0 0.097137 0.473982 0.006665 0.024759
0 0.097013 0.506085 0.006418 0.024339
0 0.366329 0.592950 0.006912 0.005875
0 0.374599 0.596937 0.004196 0.021402
0 0.476549 0.606169 0.003209 0.013009
0 0.484819 0.602392 0.008393 0.005455
0 0.494199 0.606379 0.002962 0.012589
0 0.579240 0.600923 0.003209 0.012589
0 0.585905 0.597776 0.006171 0.006295
0 0.592693 0.601133 0.002962 0.012170
0 0.693286 0.592950 0.003209 0.015107
0 0.700938 0.589173 0.007159 0.005875
0 0.708344 0.592740 0.002715 0.012170
0 0.823747 0.648342 0.003456 0.012589
0 0.831893 0.644566 0.007406 0.005875
0 0.840039 0.648972 0.002962 0.013848
0 0.900025 0.596727 0.003456 0.013428
0 0.911503 0.596517 0.003209 0.013009
0 0.922982 0.596307 0.003456 0.013428
0 0.834732 0.709400 0.003209 0.014687
0 0.808813 0.706043 0.006171 0.025598
0 0.836954 0.784725 0.062454 0.069660
0 0.637127 0.826689 0.003456 0.013428
0 0.619970 0.826269 0.003209 0.013428
0 0.563935 0.824171 0.003209 0.015107
0 0.547519 0.825220 0.003456 0.014687
0 0.492841 0.823122 0.003209 0.013848
0 0.477413 0.824171 0.003456 0.013428
0 0.422241 0.818506 0.003209 0.013009
0 0.405455 0.819975 0.003209 0.012589
0 0.350778 0.817457 0.003950 0.013428
0 0.335596 0.818086 0.003209 0.013009
0 0.283017 0.820394 0.003209 0.014268
0 0.275858 0.830466 0.002715 0.013428
0 0.257838 0.718422 0.006665 0.025178
0 0.244261 0.718212 0.006665 0.024759
0 0.231671 0.719052 0.006171 0.024759
0 0.205011 0.718212 0.006171 0.024759
7 0.075907 0.352707 0.024438 0.022241
5 0.121081 0.325850 0.049617 0.086026
6 0.146630 0.168485 0.048383 0.052455
2 0.204641 0.226185 0.020242 0.022661
11 0.483955 0.159673 0.023945 0.059169
1 0.511479 0.228074 0.044927 0.049937
2 0.811528 0.275913 0.019995 0.022241
13 0.566774 0.313051 0.025673 0.078892
0 0.515922 0.319975 0.011849 0.046580
2 0.495186 0.322493 0.020242 0.055812
5 0.654777 0.560848 0.029869 0.054973
5 0.540114 0.562736 0.031103 0.055392
5 0.435942 0.563156 0.030610 0.055392
5 0.319304 0.565044 0.030857 0.054973
5 0.096766 0.562946 0.032091 0.055812
6 0.227104 0.195342 0.016292 0.023919
5 0.206986 0.255770 0.017033 0.027277
1 0.149469 0.327109 0.004690 0.013009
1 0.149469 0.344943 0.004690 0.012589
7 0.318810 0.306546 0.034806 0.060008
7 0.318687 0.208770 0.035547 0.063366
5 0.366082 0.163659 0.012836 0.061267
0 0.401876 0.300462 0.003950 0.013428
0 0.406196 0.301301 0.003209 0.015107
0 0.410146 0.301091 0.003209 0.013009
0 0.413972 0.300462 0.002962 0.012589
0 0.418168 0.300881 0.002962 0.012589
0 0.421995 0.300252 0.003703 0.014687
0 0.425944 0.300881 0.002715 0.013428
0 0.429647 0.300881 0.003209 0.013428
0 0.434214 0.300671 0.002962 0.012170
0 0.437917 0.300252 0.002962 0.013009
0 0.441866 0.300462 0.002962 0.013428
0 0.446063 0.300881 0.002469 0.014268
0 0.450012 0.300462 0.002962 0.014268
0 0.453345 0.300881 0.002715 0.013428
0 0.457665 0.300252 0.003456 0.013009
0 0.461491 0.300671 0.002715 0.013848
5 0.431992 0.240873 0.058257 0.079731
7 0.501851 0.271716 0.023204 0.022241
2 0.543076 0.153798 0.006418 0.023919
5 0.551592 0.231221 0.017033 0.028535
7 0.606270 0.247797 0.028141 0.115401
8 0.541842 0.088754 0.013330 0.042384
7 0.561960 0.091901 0.014071 0.041964
7 0.687361 0.113512 0.012096 0.019723
8 0.687608 0.083928 0.014071 0.041125
7 0.957665 0.251364 0.071834 0.123374
1 0.895211 0.249895 0.007159 0.007134
12 0.868551 0.237306 0.034313 0.064205
5 0.807702 0.245699 0.015799 0.027277
6 0.789188 0.306546 0.015799 0.025598
1 0.821032 0.317877 0.023204 0.054973
5 0.852999 0.315988 0.018020 0.023500
10 0.912491 0.499161 0.060973 0.101133
4 0.841274 0.392153 0.011355 0.046580
4 0.841397 0.482585 0.011602 0.046160
7 0.845347 0.567142 0.012589 0.022241
7 0.806468 0.505036 0.012836 0.039026
8 0.806591 0.546160 0.015058 0.040705
7 0.765243 0.460554 0.013330 0.176668
4 0.671563 0.416911 0.012096 0.048258
5 0.664034 0.487201 0.014811 0.045321
6 0.653666 0.413554 0.013824 0.023919
7 0.607875 0.493496 0.013083 0.041125
4 0.567514 0.406420 0.011849 0.048258
5 0.556529 0.491817 0.014564 0.046160
6 0.548013 0.409778 0.012343 0.025598
7 0.497161 0.492027 0.013824 0.041544
5 0.445816 0.483424 0.014317 0.047000
4 0.445816 0.403483 0.012343 0.047419
6 0.426932 0.434536 0.013577 0.026437
7 0.417798 0.388586 0.012096 0.021821
7 0.391755 0.494545 0.013330 0.041544
5 0.333745 0.486572 0.014811 0.046580
6 0.327327 0.406630 0.013824 0.026018
4 0.344853 0.406630 0.011849 0.047839
7 0.274500 0.488040 0.013824 0.042803
7 0.229696 0.468527 0.024932 0.023919
7 0.077512 0.424675 0.013824 0.041964
5 0.112071 0.487830 0.014317 0.045741
4 0.118613 0.431389 0.012096 0.047839
5 0.093434 0.619597 0.043693 0.054973
5 0.316095 0.621276 0.044187 0.054973
5 0.431745 0.619807 0.043940 0.055392
5 0.536287 0.618128 0.043693 0.054553
5 0.649963 0.617919 0.043446 0.054973
7 0.852752 0.696811 0.012589 0.023080
8 0.854480 0.729333 0.016539 0.040285
5 0.822513 0.708351 0.014811 0.046160
7 0.722661 0.692614 0.012096 0.038187
7 0.683905 0.710869 0.014071 0.039446
7 0.573068 0.709400 0.013083 0.040705
7 0.466058 0.712337 0.013330 0.041544
7 0.383486 0.743601 0.013577 0.024339
7 0.346828 0.714645 0.013330 0.039446
3 0.238460 0.753462 0.013330 0.024759
3 0.221057 0.753672 0.013577 0.025178
3 0.203036 0.753672 0.013083 0.025178
7 0.172303 0.719681 0.012836 0.039446
7 0.127993 0.713386 0.013577 0.039446
7 0.099482 0.798993 0.012836 0.025178
4 0.294001 0.803819 0.012343 0.045741
4 0.362503 0.803189 0.012589 0.047839
4 0.432486 0.802350 0.011849 0.048678
4 0.503086 0.806756 0.011355 0.046580
4 0.573932 0.808015 0.011849 0.046580
4 0.648235 0.809484 0.011355 0.047000
7 0.703160 0.882081 0.039250 0.173731
7 0.744384 0.880193 0.039250 0.174990
7 0.788941 0.917751 0.045421 0.123374
15 0.845470 0.837390 0.055789 0.058330
10 0.912244 0.812421 0.061466 0.104070
10 0.647741 0.898867 0.058257 0.102392
10 0.578623 0.898657 0.058257 0.100294
10 0.505924 0.897608 0.058504 0.101553
10 0.434214 0.896769 0.058257 0.100713
10 0.364478 0.898447 0.058010 0.101553
10 0.292767 0.897608 0.058257 0.100713
4 0.245989 0.916911 0.011602 0.047000
4 0.220193 0.916911 0.011355 0.047000
4 0.194890 0.917331 0.011602 0.047839
4 0.169217 0.917121 0.012096 0.047419
7 0.261664 0.127151 0.013824 0.025178
7 0.319304 0.056022 0.034806 0.059169
1 0.405579 0.087705 0.044927 0.049517
1 0.441866 0.082669 0.006418 0.024339
0 0.446186 0.045321 0.003209 0.014268
0 0.452357 0.045321 0.003703 0.014268
5 0.505678 0.087285 0.012096 0.023500
0 0.528758 0.030004 0.007406 0.007134
0 0.528635 0.036299 0.007652 0.005455
1 0.498149 0.025598 0.003456 0.010911
2 0.516292 0.114981 0.006171 0.024339
0 0.506048 0.022241 0.007406 0.005875
1 0.514317 0.026018 0.003209 0.011750
1 0.524315 0.023290 0.006418 0.006295
1 0.534930 0.022661 0.007406 0.005875
1 0.544063 0.022241 0.007406 0.005875
0 0.536287 0.032942 0.003209 0.012170
0 0.539743 0.032732 0.003209 0.011750
0 0.549864 0.031473 0.007652 0.005875
0 0.550235 0.038607 0.007406 0.005036
1 0.505554 0.057071 0.024192 0.017625