7 0.029338 0.165774 0.028215 0.067381
1 0.440824 0.061357 0.029213 0.080768
1 0.474032 0.095939 0.006742 0.026774
1 0.487640 0.088130 0.004494 0.022758
1 0.519226 0.084114 0.029213 0.081660
1 0.543446 0.092816 0.004744 0.022311
1 0.561298 0.071397 0.002996 0.014279
1 0.561923 0.093485 0.002747 0.013833
1 0.573658 0.086792 0.004245 0.022758
1 0.584519 0.091923 0.002996 0.014279
1 0.590262 0.098840 0.007491 0.005801
1 0.608739 0.092816 0.005993 0.021419
1 0.601748 0.115350 0.002996 0.014726
1 0.683146 0.037260 0.045943 0.053101
1 0.692260 0.114681 0.045693 0.053548
1 0.608989 0.181838 0.004494 0.022758
1 0.608614 0.152387 0.007241 0.006693
1 0.628839 0.255689 0.028714 0.081214
1 0.605993 0.251896 0.006991 0.026328
1 0.594507 0.256359 0.004494 0.023650
1 0.591635 0.213298 0.003246 0.016064
1 0.579276 0.255020 0.004494 0.021865
1 0.578901 0.214636 0.003246 0.014279
1 0.574657 0.214413 0.002747 0.014726
1 0.570037 0.215306 0.004494 0.022758
1 0.570787 0.244757 0.002996 0.014726
1 0.554557 0.243418 0.002996 0.013833
1 0.536579 0.210397 0.006492 0.027220
1 0.311361 0.377510 0.004494 0.015172
1 0.856679 0.898929 0.003995 0.014726
1 0.828090 0.898260 0.003246 0.014279
1 0.803496 0.898706 0.002996 0.013387
1 0.777278 0.898260 0.002996 0.014279
0 0.595755 0.116243 0.002996 0.013833
0 0.591511 0.115127 0.002996 0.014279
0 0.587516 0.116020 0.002996 0.014279
0 0.583396 0.116243 0.003246 0.013833
0 0.579151 0.116020 0.003246 0.014279
0 0.575281 0.116020 0.003496 0.014279
0 0.608240 0.135877 0.007491 0.005801
0 0.607990 0.143909 0.007491 0.004909
1 0.577403 0.146363 0.003246 0.013387
0 0.570162 0.120705 0.003246 0.013833
0 0.566167 0.120482 0.003246 0.012494
0 0.562172 0.120705 0.002747 0.013833
0 0.557803 0.121151 0.003496 0.013833
0 0.553683 0.120259 0.003246 0.013833
0 0.549813 0.120705 0.002996 0.014726
0 0.566542 0.155065 0.007990 0.005801
0 0.563920 0.165997 0.002747 0.012494
0 0.559426 0.165997 0.002747 0.013387
0 0.554682 0.165551 0.002747 0.014279
0 0.564170 0.190763 0.003246 0.013833
0 0.559301 0.190317 0.002996 0.012941
0 0.554931 0.190317 0.003246 0.013833
0 0.582147 0.194333 0.002747 0.013833
0 0.586891 0.193664 0.003246 0.014279
0 0.596005 0.194779 0.003496 0.013833
0 0.596005 0.165997 0.002996 0.014279
0 0.586767 0.165551 0.002996 0.014279
0 0.582147 0.165105 0.003246 0.013387
0 0.638577 0.176037 0.007740 0.006693
0 0.639076 0.167559 0.007241 0.005801
0 0.648564 0.167113 0.007740 0.006693
0 0.648315 0.176484 0.007241 0.005801
0 0.971036 0.166444 0.013483 0.028559
0 0.971411 0.207050 0.012734 0.027666
0 0.971161 0.268853 0.013233 0.028112
0 0.118352 0.391120 0.002996 0.014726
0 0.074906 0.755243 0.003496 0.013833
0 0.851186 0.899152 0.003496 0.016064
0 0.823221 0.899375 0.002996 0.017403
0 0.798252 0.899375 0.002996 0.015618
0 0.771910 0.898037 0.003246 0.015618