1 0.229815 0.058012 0.006809 0.018949
1 0.239908 0.056184 0.004621 0.016622
1 0.246231 0.059674 0.003161 0.010306
1 0.574295 0.151928 0.006080 0.019947
1 0.565783 0.150931 0.004134 0.016622
1 0.558609 0.148105 0.002918 0.010306
1 0.239786 0.151762 0.003405 0.010971
1 0.231639 0.151596 0.004621 0.016622
1 0.222519 0.152427 0.007296 0.019614
1 0.406250 0.628324 0.044504 0.040559
1 0.413789 0.656084 0.007539 0.004987
1 0.460968 0.596576 0.030885 0.060838
1 0.498419 0.597241 0.028940 0.060838
1 0.586089 0.643118 0.002918 0.010971
1 0.620136 0.638298 0.045233 0.040559
1 0.699052 0.649934 0.044990 0.039894
1 0.689689 0.705951 0.014105 0.009641
1 0.688959 0.718750 0.012160 0.006649
1 0.655156 0.700465 0.044747 0.039894
1 0.616124 0.674368 0.011916 0.006316
1 0.614908 0.687666 0.007053 0.004987
1 0.565540 0.663398 0.006566 0.019614
1 0.557150 0.664395 0.004377 0.016955
1 0.526629 0.660239 0.002675 0.009973
1 0.508512 0.663065 0.006809 0.019614
1 0.498784 0.663065 0.006809 0.019614
1 0.424489 0.669714 0.004621 0.016955
1 0.413789 0.669714 0.007539 0.004987
1 0.352018 0.726396 0.008025 0.004654
1 0.372325 0.726895 0.012160 0.006981
1 0.393118 0.726895 0.008025 0.004987
1 0.411965 0.708278 0.007782 0.004987
1 0.422544 0.761303 0.011916 0.005984
1 0.423152 0.772274 0.014105 0.008644
1 0.451848 0.698138 0.003405 0.009973
1 0.469601 0.698803 0.002918 0.010638
1 0.481761 0.699967 0.002918 0.010971
1 0.487476 0.723072 0.007053 0.004654
1 0.553988 0.711436 0.007782 0.004654
1 0.558366 0.735705 0.006809 0.004654
1 0.638132 0.758644 0.007296 0.005319
1 0.670355 0.750332 0.014348 0.009309
1 0.652602 0.779754 0.014348 0.008976
1 0.652724 0.794548 0.014105 0.009309
1 0.672909 0.810505 0.012160 0.006649
1 0.637889 0.823637 0.007296 0.004322
1 0.637160 0.841257 0.007296 0.004987
1 0.627067 0.775100 0.007053 0.004322
1 0.558001 0.820977 0.007053 0.004322
1 0.564810 0.836602 0.003161 0.011636
1 0.576240 0.777094 0.007053 0.004322
1 0.542072 0.781416 0.012160 0.006316
1 0.529183 0.781084 0.012160 0.006316
1 0.516294 0.781084 0.011673 0.005652
1 0.501824 0.780585 0.012403 0.006649
1 0.489056 0.780585 0.011673 0.006649
1 0.476046 0.780419 0.011916 0.006316
1 0.499270 0.832779 0.006323 0.003324
1 0.506445 0.834940 0.007539 0.010306
1 0.424003 0.787566 0.013862 0.009309
1 0.424125 0.798703 0.011673 0.006981
1 0.398468 0.800033 0.007539 0.004322
1 0.427164 0.826130 0.002675 0.011303
1 0.422665 0.862035 0.012160 0.006649
1 0.383390 0.851562 0.044018 0.038896
1 0.382296 0.875831 0.006809 0.004322
1 0.397982 0.883311 0.007539 0.003989
1 0.400657 0.921875 0.007539 0.004654
1 0.411600 0.905585 0.014348 0.008644
1 0.422179 0.873005 0.014105 0.009309
1 0.424125 0.881649 0.007296 0.003989
1 0.402845 0.876330 0.007053 0.004654
1 0.419261 0.893451 0.006809 0.004987
1 0.428624 0.901928 0.003648 0.010638
1 0.441391 0.895778 0.006809 0.004987
1 0.441999 0.924535 0.003161 0.009973
1 0.464981 0.913065 0.007296 0.004322
1 0.473006 0.912899 0.007296 0.004654
1 0.484679 0.841922 0.002918 0.010971
1 0.485165 0.854555 0.002918 0.009641
1 0.500730 0.866024 0.003891 0.017287
1 0.509363 0.792886 0.004134 0.016622
1 0.509241 0.810339 0.004377 0.016955
1 0.517875 0.857048 0.003161 0.011303
1 0.491488 0.891290 0.007782 0.004654
1 0.511065 0.899934 0.006566 0.019947
1 0.529791 0.901097 0.004134 0.016955
1 0.547301 0.902759 0.007053 0.019614
1 0.566148 0.903424 0.003891 0.016955
1 0.573930 0.903258 0.006809 0.019947
1 0.615029 0.900266 0.044261 0.041223
1 0.640564 0.893949 0.002918 0.010638
1 0.666829 0.977892 0.044261 0.040226
1 0.390443 0.961104 0.044018 0.039894
7 0.950754 0.340924 0.026508 0.106715
0 0.950511 0.577626 0.012403 0.020944
0 0.950632 0.608211 0.012646 0.020279
0 0.950146 0.654255 0.013132 0.020612
0 0.537451 0.660572 0.002918 0.010638
0 0.518482 0.662899 0.007296 0.003989
0 0.532952 0.661070 0.002675 0.010971
0 0.484557 0.658078 0.007539 0.004322
0 0.477018 0.666722 0.007539 0.004322
0 0.467291 0.653258 0.007539 0.005319
0 0.463521 0.666556 0.008268 0.004654
0 0.454523 0.666223 0.007782 0.003989
0 0.444188 0.666722 0.008025 0.004987
0 0.432028 0.643285 0.007539 0.004654
0 0.424976 0.694481 0.008025 0.004654
0 0.519212 0.928025 0.003891 0.009641
0 0.494407 0.901430 0.003405 0.010971
0 0.490516 0.900931 0.002918 0.010638
0 0.510457 0.924867 0.002432 0.009973
0 0.504377 0.925033 0.002918 0.010971
1 0.487111 0.913398 0.006809 0.004322
0 0.486503 0.922706 0.003161 0.009641
0 0.475073 0.922207 0.002675 0.009309
0 0.470696 0.922207 0.002675 0.010638
0 0.466683 0.922041 0.002432 0.009641
0 0.462792 0.922041 0.002918 0.010306
0 0.464859 0.931682 0.007539 0.004322
0 0.467048 0.941157 0.003161 0.009309
0 0.462913 0.941323 0.002675 0.010306
1 0.464737 0.951130 0.007782 0.004654
1 0.473979 0.735372 0.007782 0.005319
1 0.471547 0.756150 0.003405 0.010971
1 0.482612 0.747673 0.007539 0.004654
1 0.482733 0.753657 0.007782 0.005319
1 0.489421 0.757148 0.003161 0.009641
1 0.491610 0.771609 0.007539 0.004654
1 0.493799 0.762965 0.003161 0.009973
1 0.493920 0.750166 0.003405 0.010971
1 0.496474 0.729222 0.007539 0.004987
1 0.509606 0.711935 0.004134 0.016955
1 0.509728 0.734375 0.003891 0.016622
1 0.509606 0.751995 0.004134 0.015957
1 0.509363 0.769282 0.004134 0.017287
1 0.498419 0.738697 0.003161 0.011303
1 0.500122 0.753823 0.008025 0.004987
1 0.498298 0.762965 0.003405 0.010638
1 0.502554 0.768949 0.002675 0.010638
1 0.520793 0.726729 0.003648 0.011303
1 0.533925 0.714096 0.003161 0.011303
1 0.534168 0.726396 0.003161 0.010638
1 0.522860 0.748005 0.007782 0.005319
1 0.516051 0.756150 0.002918 0.009641
1 0.520793 0.756981 0.003161 0.011303
1 0.525292 0.756981 0.003405 0.010638
1 0.529669 0.750831 0.003405 0.010971
1 0.516172 0.768617 0.003161 0.011303
1 0.520550 0.769448 0.003161 0.010971
1 0.527237 0.772108 0.007782 0.004987
1 0.533925 0.757148 0.003161 0.010306
1 0.547544 0.732713 0.003161 0.011303
1 0.540734 0.748005 0.007539 0.005984
1 0.540370 0.753491 0.006809 0.005652
1 0.551678 0.757148 0.002675 0.010306
1 0.535871 0.765791 0.007053 0.004987
1 0.535992 0.771941 0.007782 0.005319
1 0.469844 0.829953 0.005350 0.010306
1 0.482612 0.789894 0.007539 0.004654
1 0.491488 0.789894 0.007296 0.005319
1 0.502554 0.793218 0.003648 0.010638
1 0.493799 0.799867 0.003161 0.010638
1 0.498176 0.799535 0.003161 0.011303
1 0.502554 0.805519 0.003648 0.010638
1 0.484801 0.805352 0.003161 0.010971
1 0.489056 0.811004 0.002918 0.010971
1 0.498176 0.812001 0.003648 0.010971
1 0.515929 0.793551 0.002675 0.011303
1 0.522495 0.796376 0.007053 0.004987
1 0.529304 0.793551 0.002675 0.009309
1 0.518118 0.808511 0.007053 0.003989
1 0.517631 0.814661 0.007539 0.004987
1 0.524562 0.811835 0.003405 0.010638
1 0.529548 0.811669 0.003648 0.010306
1 0.533682 0.806017 0.003161 0.011636
1 0.540126 0.809009 0.007782 0.004987
1 0.540370 0.814661 0.007296 0.004987
1 0.535992 0.832945 0.007782 0.004322
1 0.533560 0.848238 0.002918 0.010971
1 0.547057 0.830120 0.003161 0.011303
1 0.551678 0.805851 0.003161 0.010638
1 0.629134 0.858544 0.007296 0.004987
1 0.629013 0.866024 0.007053 0.005319
1 0.601167 0.854721 0.012160 0.005984
1 0.601289 0.868019 0.013862 0.009973
7 0.425827 0.372507 0.228113 0.288896