4 0.072750 0.355200 0.041000 0.035200
4 0.072875 0.393400 0.041250 0.034800
4 0.073500 0.431600 0.042000 0.035200
4 0.073250 0.469000 0.042500 0.037200
4 0.073125 0.506800 0.041750 0.036000
4 0.073000 0.544200 0.042000 0.036400
4 0.073500 0.581600 0.042000 0.036800
4 0.073375 0.619000 0.041750 0.037200
7 0.074500 0.809000 0.115500 0.209200
10 0.131750 0.492000 0.039000 0.112800
0 0.183000 0.431400 0.012000 0.049200
0 0.208375 0.431800 0.011250 0.050800
0 0.129125 0.378600 0.029750 0.057200
0 0.127875 0.599600 0.028250 0.060000
0 0.183125 0.278600 0.011250 0.051600
0 0.211250 0.279400 0.012500 0.051600
0 0.238875 0.279600 0.011250 0.051200
0 0.267000 0.280600 0.011500 0.049200
6 0.246000 0.432200 0.042500 0.055600
4 0.117250 0.672400 0.022500 0.061600
0 0.139125 0.667800 0.013250 0.051600
0 0.161750 0.743800 0.010500 0.050000
0 0.182625 0.744600 0.010250 0.049200
4 0.189750 0.824400 0.021000 0.068000
1 0.155875 0.866200 0.009250 0.047600
0 0.189500 0.910000 0.011500 0.048800
0 0.210000 0.909600 0.010500 0.048800
1 0.230750 0.910000 0.010500 0.051200
1 0.259125 0.901400 0.017750 0.088400
0 0.223875 0.848800 0.018250 0.014400
0 0.299875 0.888800 0.031750 0.017600
3 0.299375 0.831000 0.040750 0.051600
0 0.337000 0.867200 0.011500 0.050400
10 0.407500 0.876600 0.111500 0.115600
5 0.237875 0.747200 0.072750 0.149600
11 0.362500 0.325600 0.149500 0.084000
7 0.220125 0.158000 0.371750 0.159200
7 0.523375 0.155000 0.228250 0.162800
0 0.488500 0.280800 0.011500 0.048800
0 0.516625 0.281000 0.012250 0.049200
0 0.543750 0.280600 0.012000 0.049200
1 0.345625 0.401800 0.011250 0.050000
1 0.367750 0.402000 0.011000 0.049600
1 0.386750 0.401800 0.010500 0.049200
5 0.370000 0.613800 0.115000 0.180400
1 0.487500 0.601400 0.011000 0.050000
8 0.597250 0.737000 0.058500 0.048400
10 0.535500 0.881600 0.112500 0.113600
0 0.587500 0.791600 0.012500 0.047200
0 0.614625 0.792600 0.011750 0.049200
4 0.173625 0.471800 0.033750 0.018000
4 0.173750 0.489200 0.032000 0.016800
4 0.174250 0.505400 0.033000 0.017200
4 0.174375 0.521200 0.033250 0.014400
4 0.174125 0.536000 0.033250 0.016000
4 0.173750 0.551800 0.032500 0.016400
4 0.174250 0.567600 0.033500 0.016800
4 0.174000 0.584400 0.033000 0.018400
7 0.772125 0.536600 0.272750 0.790000