1 0.318434 0.359722 0.014180 0.010185
1 0.317509 0.392130 0.016030 0.012037
1 0.319051 0.425000 0.015413 0.009259
1 0.322441 0.454630 0.006165 0.022222
1 0.313810 0.495370 0.011097 0.035185
1 0.327065 0.494907 0.009248 0.036111
1 0.331381 0.456944 0.006782 0.023148
1 0.353268 0.457407 0.006165 0.024074
1 0.365598 0.456481 0.008631 0.024074
1 0.378237 0.457407 0.008015 0.024074
1 0.387485 0.452778 0.006782 0.022222
1 0.392109 0.435185 0.016030 0.011111
1 0.394883 0.452315 0.006782 0.023148
1 0.391800 0.394907 0.015413 0.010185
1 0.391800 0.382870 0.016646 0.010185
1 0.365906 0.347222 0.006782 0.024074
1 0.436806 0.413889 0.008015 0.022222
1 0.476572 0.304630 0.006165 0.025926
1 0.487361 0.287037 0.016646 0.011111
1 0.498459 0.304167 0.008015 0.023148
5 0.487053 0.304630 0.014797 0.022222
5 0.497534 0.405556 0.109741 0.166667
0 0.492910 0.496296 0.015413 0.011111
1 0.497534 0.534259 0.007398 0.022222
1 0.517571 0.557407 0.016646 0.009259
1 0.546547 0.529167 0.024044 0.017593
1 0.558261 0.465278 0.008015 0.023148
1 0.561961 0.339352 0.012947 0.021296
1 0.606042 0.325463 0.011097 0.037963
1 0.586930 0.541204 0.016030 0.010185
0 0.586930 0.528241 0.016030 0.012037
1 0.617756 0.502315 0.006165 0.021296
1 0.629162 0.558333 0.006782 0.022222
11 0.650740 0.555556 0.028977 0.031481
0 0.648890 0.584259 0.015413 0.011111
1 0.618064 0.350000 0.006782 0.022222
1 0.635327 0.353241 0.006782 0.019444
1 0.657522 0.367130 0.006782 0.021296
1 0.666769 0.348611 0.015413 0.010185
1 0.676017 0.369444 0.014180 0.022222
1 0.686806 0.391667 0.016030 0.009259
1 0.686806 0.408796 0.014797 0.010185
1 0.690814 0.434259 0.015413 0.011111
0 0.703453 0.484722 0.016030 0.010185
1 0.671702 0.549074 0.006782 0.020370
0 0.723490 0.737963 0.006782 0.022222
1 0.701603 0.687963 0.004932 0.022222
0 0.711159 0.686111 0.006782 0.020370
0 0.719482 0.687500 0.006165 0.021296
0 0.728422 0.686111 0.006782 0.022222
5 0.753391 0.739352 0.029593 0.032407
0 0.741985 0.775000 0.006782 0.020370
0 0.751541 0.775000 0.006165 0.022222
6 0.748150 0.685648 0.025277 0.050926
6 0.776510 0.673611 0.024044 0.025000
6 0.783600 0.723148 0.029593 0.051852
15 0.831998 0.721759 0.057337 0.043519
6 0.836621 0.665278 0.016030 0.034259
0 0.860049 0.649074 0.007398 0.020370
0 0.870222 0.649537 0.008015 0.019444
6 0.864673 0.612963 0.016646 0.031481
1 0.829531 0.575000 0.024044 0.014815
7 0.815043 0.475000 0.107275 0.168519
0 0.793465 0.595833 0.006165 0.023148
1 0.785142 0.597222 0.006782 0.022222
0 0.775894 0.597222 0.006782 0.024074
1 0.818126 0.313889 0.007398 0.022222
1 0.807645 0.310185 0.004932 0.011111
2 0.778052 0.360185 0.023428 0.016667
1 0.761714 0.355556 0.006782 0.020370
1 0.769420 0.337500 0.007398 0.021296
1 0.761714 0.330093 0.005549 0.021296
1 0.758940 0.311111 0.013564 0.009259
1 0.764180 0.300000 0.005549 0.005556
5 0.789766 0.301852 0.027127 0.064815
0 0.767263 0.252315 0.005549 0.012037
11 0.780518 0.245370 0.013564 0.025926
1 0.766954 0.239352 0.003699 0.008333
0 0.698520 0.322222 0.014797 0.024074
1 0.389334 0.351852 0.016646 0.009259
5 0.751541 0.478241 0.014797 0.139815
1 0.807028 0.625463 0.016030 0.012037
1 0.817509 0.666204 0.007398 0.023148
0 0.807028 0.637963 0.016030 0.011111
7 0.341245 0.219907 0.045006 0.034259