1 0.117000 0.139630 0.008000 0.027407
0 0.130750 0.141111 0.008500 0.027407
0 0.159750 0.139259 0.020500 0.013333
0 0.234500 0.265926 0.007000 0.028148
0 0.245000 0.266296 0.007000 0.025926
0 0.254250 0.266667 0.007500 0.028148
0 0.264750 0.265926 0.009500 0.026667
1 0.119500 0.280000 0.011000 0.031111
1 0.135500 0.275926 0.008000 0.027407
0 0.097750 0.358889 0.017500 0.011111
0 0.097250 0.377407 0.017500 0.011111
5 0.126250 0.394444 0.034500 0.036296
1 0.102750 0.420741 0.019500 0.013333
0 0.128000 0.438148 0.008000 0.028889
4 0.021000 0.746667 0.013000 0.045926
4 0.021500 0.804444 0.012000 0.045926
1 0.044250 0.713704 0.018500 0.051111
1 0.065250 0.713333 0.016500 0.050370
0 0.153000 0.353704 0.009000 0.028889
1 0.121500 0.713333 0.017000 0.050370
1 0.142000 0.712222 0.018000 0.048148
2 0.062500 0.788889 0.051000 0.066667
7 0.127500 0.900000 0.088000 0.109630
1 0.208750 0.880741 0.007500 0.026667
0 0.256500 0.881111 0.007000 0.025926
3 0.174250 0.798519 0.077500 0.059259
1 0.187500 0.742222 0.048000 0.034074
5 0.231500 0.880370 0.033000 0.062963
1 0.240750 0.824815 0.020500 0.014074
5 0.240500 0.787407 0.042000 0.054815
1 0.240750 0.755556 0.019500 0.010370
0 0.242750 0.652963 0.008500 0.028889
0 0.272500 0.696296 0.007000 0.026667
7 0.363250 0.862222 0.169500 0.211852
6 0.292000 0.731111 0.027000 0.029630
6 0.292500 0.697778 0.027000 0.032593
5 0.225250 0.685185 0.026500 0.025185
1 0.186000 0.640000 0.048000 0.028148
2 0.123750 0.638148 0.051500 0.071852
1 0.202250 0.686296 0.017500 0.051111
5 0.325250 0.713704 0.016500 0.021481
2 0.359500 0.720370 0.011000 0.024444
2 0.376500 0.721481 0.012000 0.025185
2 0.392500 0.721852 0.012000 0.022963
2 0.409250 0.722593 0.011500 0.025926
0 0.214500 0.606667 0.020000 0.011852
0 0.215250 0.589259 0.017500 0.009630
5 0.092750 0.712963 0.034500 0.051111
7 0.047500 0.476296 0.074000 0.376296
0 0.280750 0.277407 0.007500 0.025926
0 0.352750 0.284444 0.019500 0.013333
1 0.329000 0.134815 0.019000 0.013333
1 0.750250 0.123333 0.020500 0.070370
1 0.728000 0.205556 0.018000 0.012593
0 0.728750 0.222222 0.018500 0.011852
5 0.693250 0.220370 0.042500 0.049630
1 0.664500 0.212963 0.008000 0.024444
3 0.634500 0.220370 0.045000 0.049630
0 0.604750 0.213704 0.007500 0.027407
0 0.636500 0.185185 0.018000 0.011852
1 0.636000 0.169259 0.019000 0.012593
7 0.693500 0.153704 0.058000 0.039259
7 0.889000 0.165185 0.196000 0.228148
7 0.889250 0.471852 0.197500 0.226667
7 0.863000 0.775926 0.254000 0.292593
1 0.726250 0.820370 0.018500 0.012593
0 0.725750 0.803704 0.019500 0.013333
1 0.671000 0.807407 0.045000 0.032593
1 0.664750 0.746667 0.020500 0.069630
0 0.618000 0.705926 0.017000 0.010370
0 0.618500 0.691111 0.017000 0.011852
1 0.649250 0.689259 0.017500 0.011111
0 0.663250 0.667037 0.017500 0.011111
0 0.664250 0.650741 0.017500 0.011111
1 0.664000 0.633704 0.016000 0.011111
5 0.640000 0.649630 0.027000 0.056296
1 0.591500 0.704444 0.019000 0.011852
0 0.619250 0.667407 0.015500 0.011852
0 0.618250 0.650000 0.017500 0.009630
1 0.619000 0.634444 0.015000 0.011111
5 0.593250 0.669630 0.023500 0.056296
1 0.578000 0.629259 0.030000 0.018519
3 0.559500 0.691111 0.032000 0.063704
7 0.605500 0.861111 0.077000 0.251111
1 0.601750 0.625185 0.007500 0.026667
0 0.467500 0.845556 0.015000 0.011111
0 0.466750 0.827778 0.016500 0.012593
7 0.509250 0.744444 0.064500 0.368889
1 0.742750 0.572963 0.047500 0.033333
1 0.755500 0.511481 0.022000 0.070370
0 0.711500 0.499630 0.007000 0.028889
0 0.677500 0.501481 0.009000 0.028148
0 0.661750 0.503333 0.006500 0.024444
0 0.651250 0.502593 0.007500 0.025926
0 0.635500 0.501111 0.009000 0.024444
0 0.626000 0.490370 0.007000 0.025185
0 0.609000 0.506667 0.019000 0.013333
1 0.605500 0.417778 0.013000 0.042963
5 0.675250 0.382222 0.096500 0.143704
1 0.605750 0.339259 0.012500 0.044444
1 0.549000 0.471481 0.017000 0.011111
1 0.526750 0.472963 0.019500 0.011111
1 0.506000 0.477778 0.017000 0.029630
1 0.442500 0.473704 0.018000 0.012593
1 0.475000 0.432593 0.010000 0.028148
1 0.463750 0.471852 0.018500 0.010370
1 0.495250 0.441111 0.017500 0.011111
1 0.553250 0.436296 0.006500 0.028148
1 0.532750 0.427037 0.019500 0.012593
1 0.553500 0.390000 0.007000 0.027407
1 0.499500 0.390741 0.018000 0.012593
1 0.560000 0.345556 0.030000 0.020000
5 0.499000 0.368519 0.014000 0.021481
1 0.459000 0.397407 0.019000 0.012593
1 0.462750 0.381481 0.016500 0.010370
1 0.440500 0.381111 0.017000 0.011111
1 0.472250 0.351111 0.007500 0.028148
1 0.484000 0.293704 0.007000 0.025926
1 0.510500 0.292593 0.009000 0.026667
1 0.551000 0.279630 0.029000 0.018519
1 0.548000 0.303333 0.021000 0.011111
0 0.687250 0.283704 0.007500 0.028148
0 0.698000 0.282963 0.007000 0.028148
7 0.369750 0.068889 0.570500 0.091852
0 0.263250 0.556296 0.006500 0.029630
0 0.404500 0.526296 0.008000 0.028889
18 0.096000 0.475926 0.019000 0.091111
5 0.308750 0.416667 0.162500 0.239259
5 0.365250 0.611111 0.130500 0.023704
2 0.175500 0.690370 0.027000 0.053333