5 0.185833 0.279167 0.235000 0.355000
0 0.228333 0.558333 0.040000 0.080000
0 0.283333 0.563333 0.043333 0.083333
1 0.191667 0.884167 0.036667 0.081667
5 0.289167 0.838333 0.121667 0.133333
1 0.267500 0.716667 0.115000 0.050000
4 0.494167 0.848333 0.105000 0.040000
0 0.389167 0.869167 0.038333 0.085000
4 0.490833 0.786667 0.111667 0.046667
4 0.492500 0.717500 0.108333 0.045000
5 0.767500 0.809167 0.321667 0.238333
5 0.624167 0.380833 0.595000 0.598333
7 0.500833 0.036667 0.845000 0.070000
7 0.035833 0.500833 0.068333 0.848333
7 0.500000 0.964167 0.850000 0.071667
7 0.964167 0.498333 0.071667 0.846667