7 0.496875 0.054781 0.973750 0.089641
7 0.085625 0.147410 0.026250 0.083665
7 0.053125 0.308765 0.028750 0.051793
7 0.084375 0.314741 0.033750 0.047809
1 0.168750 0.173307 0.100000 0.139442
1 0.144375 0.280876 0.066250 0.055777
1 0.212500 0.283865 0.060000 0.061753
1 0.334375 0.238048 0.041250 0.101594
11 0.417500 0.191235 0.092500 0.131474
5 0.180625 0.397410 0.128750 0.157371
1 0.081250 0.436255 0.040000 0.099602
7 0.029375 0.500996 0.031250 0.137450
1 0.265625 0.396414 0.038750 0.099602
1 0.200000 0.512948 0.065000 0.057769
0 0.066875 0.510956 0.033750 0.029880
4 0.066250 0.545817 0.037500 0.019920
1 0.043125 0.654382 0.038750 0.101594
1 0.083750 0.652390 0.040000 0.097610
5 0.181250 0.628486 0.132500 0.161355
3 0.050625 0.755976 0.048750 0.081673
1 0.333750 0.399402 0.037500 0.101594
1 0.334375 0.510956 0.038750 0.097610
1 0.269375 0.626494 0.038750 0.101594
1 0.335625 0.626494 0.038750 0.097610
7 0.087500 0.850598 0.027500 0.083665
1 0.167500 0.824701 0.085000 0.127490
4 0.232500 0.794821 0.012500 0.055777
4 0.251250 0.798805 0.012500 0.055777
4 0.268125 0.798805 0.013750 0.055777
4 0.286875 0.798805 0.013750 0.059761
4 0.305000 0.799801 0.015000 0.053785
4 0.321875 0.798805 0.013750 0.055777
4 0.338750 0.797809 0.015000 0.061753
4 0.355000 0.799801 0.017500 0.057769
11 0.418750 0.804781 0.092500 0.131474
0 0.488125 0.762948 0.033750 0.023904
0 0.488125 0.817729 0.033750 0.025896
0 0.488750 0.874502 0.035000 0.023904
0 0.540625 0.794821 0.053750 0.051793
0 0.678125 0.789841 0.026250 0.049801
0 0.488125 0.145418 0.033750 0.023904
0 0.488125 0.208167 0.033750 0.025896
0 0.488750 0.262948 0.035000 0.023904
0 0.540625 0.206175 0.051250 0.053785
10 0.615625 0.188247 0.048750 0.157371
10 0.666875 0.187251 0.048750 0.155378
0 0.658750 0.325697 0.015000 0.053785
0 0.679375 0.325697 0.016250 0.053785
0 0.646250 0.407371 0.012500 0.057769
2 0.670000 0.404382 0.025000 0.043825
4 0.712500 0.427291 0.035000 0.025896
6 0.670000 0.487052 0.040000 0.061753
0 0.672500 0.537849 0.040000 0.027888
7 0.711250 0.499004 0.030000 0.093625
0 0.771875 0.546813 0.053750 0.049801
5 0.773125 0.474104 0.048750 0.047809
5 0.774375 0.418327 0.046250 0.043825
0 0.871250 0.416335 0.052500 0.055777
5 0.858125 0.702191 0.126250 0.233068
0 0.696250 0.653386 0.037500 0.023904
0 0.695625 0.685259 0.033750 0.023904
0 0.917500 0.467131 0.032500 0.025896
0 0.918125 0.500996 0.033750 0.025896
0 0.916875 0.533865 0.036250 0.023904
0 0.916875 0.565737 0.036250 0.027888
7 0.971250 0.533865 0.030000 0.338645
7 0.499375 0.946215 0.971250 0.095618
5 0.497500 0.500000 0.267500 0.426295
0 0.283125 0.712151 0.053750 0.049801
8 0.049375 0.239044 0.036250 0.103586
8 0.082500 0.243028 0.035000 0.107570