0 0.502500 0.251667 0.075000 0.040000
5 0.715833 0.388333 0.131667 0.156667
0 0.855833 0.274167 0.105000 0.091667
5 0.840833 0.545833 0.128333 0.135000
0 0.845833 0.695833 0.105000 0.095000
1 0.737500 0.840000 0.038333 0.076667
1 0.680000 0.839167 0.056667 0.111667
0 0.526667 0.823333 0.100000 0.086667
5 0.393333 0.825000 0.156667 0.100000
0 0.167500 0.721667 0.078333 0.040000
0 0.740000 0.638333 0.040000 0.080000
0 0.364167 0.668333 0.075000 0.036667
0 0.360833 0.713333 0.078333 0.036667
0 0.360833 0.753333 0.078333 0.030000
0 0.455833 0.704167 0.078333 0.035000
0 0.495833 0.741667 0.075000 0.036667
0 0.599167 0.522500 0.038333 0.078333
0 0.275000 0.836667 0.073333 0.040000
7 0.500833 0.036667 0.848333 0.070000
7 0.037500 0.500000 0.071667 0.843333
7 0.497500 0.965000 0.841667 0.070000
7 0.962500 0.502500 0.075000 0.838333