7 0.178112 0.338346 0.127652 0.268672
7 0.197828 0.519173 0.101253 0.079950
7 0.177026 0.735965 0.129825 0.286967
10 0.269758 0.888596 0.040267 0.079950
10 0.330159 0.887469 0.040434 0.077694
10 0.391061 0.886216 0.039265 0.076692
10 0.451713 0.885840 0.039933 0.077444
7 0.895238 0.801378 0.081871 0.148120
7 0.914369 0.442356 0.081370 0.445614
8 0.871512 0.702506 0.030075 0.026065
8 0.823392 0.213409 0.033083 0.027820
7 0.704428 0.134336 0.294403 0.125313
7 0.371094 0.139599 0.293734 0.127820
18 0.698997 0.733960 0.294904 0.170677
10 0.273517 0.437594 0.051128 0.060652
8 0.256558 0.779574 0.020551 0.044361
5 0.278112 0.697870 0.040936 0.087970
4 0.271930 0.599624 0.012531 0.032331
4 0.290226 0.787594 0.012364 0.031328
4 0.317126 0.786967 0.009357 0.030576
4 0.343609 0.785840 0.010192 0.031830
4 0.371679 0.786842 0.010192 0.032331
4 0.400000 0.785840 0.009023 0.029323
4 0.428154 0.786216 0.010526 0.031078
4 0.455054 0.784962 0.010526 0.030075
4 0.483208 0.784962 0.009023 0.031078
5 0.518212 0.710025 0.060317 0.089223
5 0.737845 0.232707 0.039098 0.057393
7 0.541186 0.231454 0.089223 0.025815
7 0.446449 0.237594 0.031746 0.025564
8 0.464244 0.317293 0.014202 0.048120
8 0.447034 0.316416 0.017544 0.048872
8 0.431997 0.316416 0.015205 0.051378
5 0.305931 0.278195 0.088889 0.099749
7 0.541270 0.325564 0.095739 0.050627
5 0.745948 0.460276 0.099415 0.146115
1 0.308104 0.346366 0.025731 0.024561
0 0.865246 0.661654 0.013868 0.012531
0 0.865163 0.647118 0.015372 0.012030
0 0.865246 0.632206 0.013868 0.012782
0 0.864912 0.618045 0.014536 0.011529
0 0.864996 0.604386 0.013367 0.012782
1 0.818379 0.578195 0.017711 0.038596
1 0.804845 0.560150 0.008354 0.019549
1 0.796658 0.551128 0.007686 0.019048
0 0.784461 0.551754 0.008020 0.020301
1 0.816374 0.543734 0.012698 0.011278
1 0.808104 0.531454 0.013200 0.010777
1 0.806934 0.381078 0.014536 0.012281
1 0.812782 0.368922 0.014202 0.012030
1 0.802840 0.353759 0.007352 0.019298
1 0.794570 0.362406 0.007853 0.020050
1 0.695238 0.364160 0.007686 0.020551
1 0.682707 0.382206 0.012698 0.011529
1 0.676775 0.370677 0.013868 0.011529
1 0.687218 0.355764 0.008020 0.019298
0 0.746199 0.557519 0.007686 0.020301
1 0.752047 0.592481 0.007686 0.021053
1 0.742356 0.592231 0.007686 0.020551
1 0.695990 0.551754 0.006850 0.020301
1 0.688053 0.561028 0.007352 0.019799
1 0.677193 0.544361 0.012698 0.012030
1 0.683124 0.533083 0.012865 0.011529
1 0.541186 0.149875 0.013367 0.011028
5 0.541688 0.172306 0.013701 0.016291
0 0.541771 0.193484 0.012865 0.012030
1 0.381704 0.243734 0.017544 0.037845
1 0.381119 0.305639 0.016374 0.038847
1 0.362657 0.243860 0.017210 0.038596
0 0.367836 0.304887 0.007519 0.019298
0 0.358480 0.305263 0.007853 0.020050
0 0.316291 0.435088 0.008020 0.020050
4 0.306934 0.437343 0.009357 0.029574
1 0.249206 0.722682 0.007519 0.020802
1 0.248622 0.698496 0.007352 0.021053
1 0.249290 0.666416 0.007686 0.020050
1 0.263158 0.643609 0.007352 0.020551
5 0.334002 0.336842 0.019048 0.015038
8 0.408605 0.319424 0.034586 0.044361
8 0.447452 0.213910 0.036759 0.021805
5 0.526650 0.174937 0.014369 0.010526
5 0.706683 0.253008 0.019883 0.014787
5 0.746366 0.540100 0.016708 0.013534
5 0.290058 0.646617 0.025063 0.013033
5 0.484294 0.708521 0.020551 0.015038
7 0.846449 0.213659 0.014703 0.028321
7 0.893651 0.701128 0.014202 0.025313