5 0.118125 0.208167 0.083750 0.157371
5 0.252500 0.205179 0.090000 0.163347
5 0.395000 0.207171 0.090000 0.155378
5 0.547500 0.204183 0.082500 0.157371
5 0.700625 0.205179 0.091250 0.159363
5 0.841875 0.204183 0.088750 0.161355
5 0.842500 0.796813 0.087500 0.155378
5 0.698125 0.792829 0.086250 0.163347
5 0.547500 0.795817 0.095000 0.157371
5 0.393750 0.793825 0.087500 0.153386
5 0.250000 0.796813 0.085000 0.155378
5 0.118750 0.792829 0.085000 0.159363
5 0.128750 0.501992 0.095000 0.139442
0 0.933750 0.461155 0.035000 0.029880
0 0.933750 0.492032 0.035000 0.027888
0 0.554375 0.561753 0.011250 0.059761
0 0.408125 0.615538 0.016250 0.055777
0 0.317500 0.487052 0.017500 0.053785
0 0.288750 0.427291 0.035000 0.025896
1 0.815625 0.658367 0.018750 0.053785
1 0.815625 0.427291 0.018750 0.057769
1 0.609375 0.736056 0.016250 0.053785
1 0.627500 0.147410 0.015000 0.051793
1 0.341875 0.486056 0.016250 0.055777
1 0.224375 0.472112 0.036250 0.031873
1 0.225000 0.427291 0.040000 0.025896
1 0.186875 0.358566 0.038750 0.031873
1 0.184375 0.146414 0.031250 0.025896
7 0.501250 0.055777 0.972500 0.095618
7 0.502500 0.944223 0.972500 0.095618
7 0.912500 0.150398 0.025000 0.089641
7 0.970000 0.502988 0.032500 0.137450
7 0.911250 0.851594 0.027500 0.085657
7 0.288125 0.496016 0.033750 0.095618