7 0.360629 0.708163 0.088265 0.216327
7 0.797959 0.705740 0.089796 0.216071
7 0.375085 0.132781 0.055952 0.043622
7 0.394558 0.407398 0.022449 0.348980
7 0.596514 0.164923 0.233163 0.036990
7 0.781293 0.176148 0.042177 0.141582
7 0.781888 0.325510 0.043367 0.140816
7 0.717432 0.341964 0.040646 0.107908
7 0.763265 0.494133 0.025850 0.178571
7 0.578571 0.675128 0.233673 0.036990
7 0.450935 0.857398 0.188265 0.022449
10 0.409949 0.921301 0.033503 0.058418
10 0.457058 0.922449 0.033503 0.059184
10 0.505612 0.922832 0.032993 0.059949
10 0.554167 0.921684 0.033503 0.060714
10 0.602806 0.923724 0.031803 0.060204
10 0.650510 0.922449 0.034014 0.057653
10 0.698724 0.922066 0.035204 0.059949
10 0.747874 0.922832 0.033503 0.059949
10 0.790646 0.864031 0.032313 0.059184
4 0.571429 0.857653 0.021429 0.016837
4 0.597364 0.857398 0.023639 0.017347
4 0.624235 0.857398 0.023639 0.017347
4 0.650935 0.857653 0.023639 0.019388
4 0.677636 0.858673 0.023980 0.019898
4 0.703741 0.858546 0.024150 0.018622
4 0.730867 0.858291 0.023639 0.019133
4 0.757653 0.858291 0.024830 0.019133
7 0.457313 0.778699 0.025510 0.035459
0 0.595238 0.815689 0.017007 0.013520
0 0.524405 0.782143 0.008673 0.025000
1 0.543622 0.752168 0.015816 0.012500
1 0.534779 0.782781 0.008673 0.026276
1 0.545068 0.783163 0.008844 0.025510
1 0.530952 0.815434 0.016327 0.014031
1 0.549830 0.815179 0.017007 0.014541
1 0.570918 0.815689 0.017007 0.013520
1 0.632228 0.782908 0.009694 0.026020
1 0.621854 0.782653 0.009694 0.025510
1 0.611650 0.782908 0.009014 0.026020
5 0.578231 0.770791 0.048299 0.053827
8 0.694473 0.789286 0.024660 0.018878
8 0.694303 0.770536 0.025000 0.018622
8 0.561054 0.594260 0.024490 0.021173
7 0.607738 0.560969 0.020918 0.079082
11 0.549065 0.561735 0.021259 0.078061
5 0.578401 0.384694 0.089456 0.133163
8 0.417007 0.207908 0.016327 0.037245
1 0.406037 0.197194 0.007993 0.025000
5 0.376276 0.190306 0.046088 0.048469
1 0.424830 0.148087 0.015646 0.011990
1 0.425000 0.131760 0.015986 0.012500
0 0.459354 0.174617 0.016667 0.013010
4 0.459184 0.192092 0.022449 0.015816
4 0.462245 0.209184 0.033333 0.013265
5 0.434354 0.399362 0.043537 0.012500
5 0.653146 0.634439 0.009354 0.023469
7 0.584779 0.593622 0.023980 0.021429
7 0.420238 0.167092 0.014626 0.018367
7 0.419558 0.184311 0.014626 0.017092