7 0.196012 0.130652 0.111381 0.027926
7 0.195525 0.183178 0.080739 0.032580
0 0.136552 0.234375 0.017753 0.010638
0 0.136673 0.248005 0.017996 0.009973
1 0.305691 0.231383 0.035992 0.023936
7 0.073444 0.444481 0.019942 0.134973
7 0.073687 0.612533 0.019942 0.133311
4 0.248662 0.402759 0.029426 0.011636
4 0.251094 0.418052 0.034776 0.010971
7 0.139835 0.527261 0.025292 0.260638
7 0.218385 0.526928 0.025292 0.260638
7 0.297057 0.328457 0.019698 0.164894
7 0.363935 0.327793 0.019698 0.164894
1 0.436406 0.173870 0.042558 0.021277
7 0.436527 0.236536 0.068093 0.018285
0 0.403696 0.285073 0.006809 0.024934
0 0.413667 0.285073 0.006809 0.024934
5 0.426921 0.284076 0.013375 0.023604
1 0.472763 0.187999 0.017023 0.048870
1 0.492096 0.164062 0.007539 0.024269
1 0.475438 0.260971 0.008755 0.036569
1 0.486746 0.262799 0.007053 0.023604
6 0.579767 0.273105 0.044261 0.038896
0 0.500608 0.118351 0.007053 0.025266
0 0.511430 0.115359 0.006323 0.018617
0 0.527845 0.115193 0.007539 0.019614
0 0.586454 0.118850 0.007053 0.024934
0 0.596668 0.118517 0.006080 0.024934
1 0.581104 0.160073 0.007053 0.024269
5 0.640686 0.207281 0.086819 0.085439
1 0.584752 0.209608 0.011916 0.040226
5 0.524684 0.205452 0.080010 0.086436
1 0.542315 0.146941 0.041829 0.019282
1 0.523954 0.270279 0.051313 0.027261
1 0.619042 0.151430 0.043045 0.022939
4 0.650900 0.119182 0.012889 0.016955
7 0.757174 0.169548 0.051800 0.070479
5 0.706955 0.224900 0.031615 0.070146
1 0.680569 0.148770 0.041099 0.021609
0 0.681177 0.118850 0.007782 0.033577
0 0.692242 0.118850 0.008025 0.034242
7 0.757539 0.284408 0.051070 0.070146
8 0.507904 0.416722 0.033804 0.016290
8 0.602262 0.350399 0.036722 0.016622
0 0.568093 0.384807 0.018482 0.010971
0 0.567850 0.396443 0.018482 0.010971
0 0.567850 0.411403 0.018482 0.010971
0 0.612597 0.411237 0.017996 0.009973
0 0.607855 0.436004 0.007053 0.025598
0 0.618191 0.437666 0.007296 0.025598
1 0.590467 0.428690 0.009241 0.036902
1 0.575268 0.458278 0.023103 0.011636
1 0.555326 0.475233 0.008512 0.036902
1 0.632296 0.433344 0.007782 0.024934
1 0.652845 0.433511 0.007053 0.024601
1 0.667194 0.433511 0.007053 0.024601
1 0.693580 0.446476 0.017996 0.010638
1 0.711576 0.455452 0.008755 0.035239
1 0.634484 0.270612 0.056420 0.028590
7 0.914154 0.319814 0.071498 0.066489
7 0.877067 0.523936 0.187500 0.315824
0 0.303380 0.431017 0.008025 0.034907
4 0.317364 0.430519 0.014105 0.022606
10 0.314081 0.474069 0.027967 0.039229
1 0.345209 0.468251 0.008998 0.036902
1 0.324295 0.505652 0.017753 0.010638
0 0.324660 0.519116 0.017510 0.010306
1 0.324416 0.550698 0.017023 0.010306
1 0.324173 0.568318 0.017510 0.008976
0 0.355788 0.471742 0.006809 0.025266
1 0.374878 0.470412 0.008025 0.024601
1 0.389956 0.469914 0.007053 0.024934
1 0.402237 0.470080 0.007296 0.025266
1 0.418410 0.468085 0.007053 0.024601
1 0.446376 0.460439 0.008512 0.035904
1 0.466683 0.489195 0.008755 0.036902
1 0.476289 0.490858 0.007539 0.024934
5 0.397374 0.564661 0.102626 0.141955
1 0.324416 0.587600 0.023833 0.011636
1 0.468020 0.555519 0.017267 0.010638
1 0.467899 0.567487 0.017996 0.010638
1 0.469115 0.594415 0.023833 0.011968
10 0.507782 0.572640 0.027724 0.037566
1 0.544869 0.490858 0.007539 0.024934
1 0.575146 0.472906 0.017510 0.010306
1 0.575268 0.527261 0.017753 0.009973
1 0.575632 0.550033 0.017996 0.010971
0 0.563230 0.613697 0.006809 0.025266
0 0.574173 0.613364 0.006809 0.025266
1 0.591318 0.616523 0.008025 0.032247
5 0.646036 0.525765 0.100924 0.140625
1 0.713886 0.520778 0.018239 0.010971
1 0.713886 0.534076 0.017753 0.011636
1 0.713886 0.569149 0.023103 0.012633
1 0.711211 0.584275 0.017267 0.009641
0 0.763254 0.484707 0.018239 0.009973
0 0.763011 0.499501 0.017753 0.010306
1 0.763132 0.514960 0.017996 0.009973
1 0.760579 0.529920 0.023103 0.011968
0 0.763254 0.545047 0.018239 0.009641
0 0.763619 0.560505 0.017510 0.009973
0 0.785019 0.523936 0.009728 0.009309
1 0.113084 0.711270 0.007296 0.024269
1 0.122082 0.715592 0.009241 0.032247
0 0.250122 0.753158 0.017753 0.010306
0 0.249878 0.768451 0.017753 0.010306
1 0.337913 0.650432 0.022617 0.012301
1 0.359071 0.653757 0.007053 0.024934
1 0.376338 0.653590 0.007053 0.024601
1 0.389835 0.653757 0.006809 0.024269
1 0.401021 0.653757 0.007296 0.024269
1 0.416586 0.659907 0.007296 0.024601
0 0.429475 0.654089 0.006809 0.024934
1 0.446133 0.659242 0.009484 0.036569
1 0.468264 0.622340 0.017753 0.010638
10 0.471790 0.703790 0.028696 0.039229
4 0.382417 0.713265 0.013862 0.021609
4 0.399197 0.712932 0.013862 0.021609
4 0.415734 0.713597 0.013862 0.021609
4 0.432758 0.713597 0.013862 0.021609
4 0.382174 0.740525 0.013862 0.021609
4 0.398711 0.740193 0.013862 0.021609
4 0.415734 0.740525 0.013862 0.021609
4 0.432271 0.739860 0.013862 0.021609
4 0.382174 0.767453 0.013862 0.021609
4 0.399197 0.766789 0.013862 0.021609
4 0.415734 0.766789 0.013862 0.021609
4 0.432271 0.766789 0.013862 0.021609
4 0.382174 0.794382 0.013862 0.021609
4 0.399441 0.794049 0.013862 0.021609
4 0.416221 0.794049 0.013862 0.021609
4 0.432758 0.794049 0.013862 0.021609
0 0.611138 0.616855 0.007782 0.025598
1 0.622446 0.616190 0.007539 0.024269
1 0.632174 0.616190 0.007053 0.024934
0 0.642267 0.616024 0.006809 0.025931
1 0.652116 0.616356 0.007053 0.023936
1 0.662695 0.616523 0.007296 0.024934
1 0.672665 0.616356 0.007296 0.024601
1 0.625243 0.654422 0.022374 0.011636
0 0.629499 0.666057 0.018239 0.010306
0 0.574295 0.667221 0.018239 0.009973
0 0.602383 0.685339 0.017996 0.010306
0 0.572106 0.725066 0.006566 0.025266
1 0.602262 0.697806 0.017753 0.009973
1 0.631445 0.678690 0.017267 0.010971
11 0.602626 0.724402 0.031615 0.039229
0 0.571741 0.759142 0.006809 0.025598
5 0.677164 0.690160 0.056663 0.078457
0 0.687378 0.741356 0.017753 0.010638
1 0.714008 0.712434 0.008268 0.033245
1 0.669139 0.640459 0.022617 0.011636
1 0.692607 0.623172 0.023346 0.011636
1 0.692850 0.639628 0.017510 0.009973
1 0.713643 0.674036 0.007053 0.024269
4 0.742583 0.643451 0.013375 0.022274
0 0.781128 0.643118 0.007782 0.034242
1 0.756688 0.672706 0.030399 0.020944
4 0.742826 0.708943 0.011916 0.022939
4 0.743069 0.746676 0.012403 0.021941
0 0.766294 0.726064 0.024319 0.010638
0 0.757539 0.769448 0.024319 0.010306
0 0.916950 0.749003 0.017753 0.009973
0 0.916707 0.763963 0.017753 0.009973
7 0.865516 0.897606 0.174125 0.106383
0 0.747446 0.834109 0.018239 0.010638
7 0.866488 0.806184 0.266537 0.059840
7 0.197714 0.809840 0.078307 0.027926
7 0.196255 0.865858 0.110409 0.026928
0 0.322957 0.687999 0.025778 0.025598
0 0.322714 0.721908 0.025778 0.025598
0 0.322714 0.756483 0.025778 0.025598
0 0.322714 0.790725 0.025778 0.025598
7 0.361989 0.860206 0.068823 0.018285
11 0.603599 0.820811 0.027724 0.032580
13 0.566756 0.839594 0.044990 0.061503
5 0.542072 0.117686 0.013619 0.015957