8 0.195350 0.038321 0.033672 0.075600
10 0.270711 0.038060 0.043292 0.039625
8 0.292758 0.121741 0.017370 0.069343
0 0.445885 0.062565 0.017370 0.057351
7 0.472875 0.053180 0.035542 0.067779
5 0.493854 0.125130 0.010155 0.021898
1 0.511090 0.115224 0.013095 0.009385
7 0.587119 0.128519 0.119188 0.037018
7 0.920497 0.104797 0.140834 0.202294
7 0.921032 0.348279 0.143506 0.208551
7 0.922902 0.605839 0.143506 0.209593
7 0.923971 0.869135 0.146713 0.214807
7 0.153394 0.147028 0.032603 0.082377
7 0.153127 0.223149 0.033672 0.072993
7 0.152325 0.297185 0.034741 0.074035
7 0.048236 0.572732 0.055852 0.107925
7 0.045965 0.705683 0.056654 0.108968
7 0.062801 0.872002 0.116515 0.167362
7 0.228487 0.161887 0.034741 0.119395
7 0.227819 0.273201 0.035008 0.095933
4 0.103821 0.100104 0.014698 0.015641
4 0.102352 0.205944 0.016034 0.017727
4 0.101416 0.316736 0.015232 0.018248
4 0.099813 0.428050 0.016301 0.017727
4 0.086451 0.980970 0.014698 0.018248
0 0.103421 0.128519 0.016034 0.017205
0 0.103421 0.156674 0.015500 0.018248
0 0.102352 0.234359 0.016034 0.016163
0 0.101817 0.264599 0.015500 0.017205
0 0.101416 0.345151 0.015232 0.016684
0 0.100882 0.374348 0.015232 0.016684
0 0.099947 0.457508 0.015500 0.017205
0 0.099813 0.486705 0.015767 0.018248
0 0.105024 0.980709 0.014965 0.017727
0 0.142571 0.540928 0.015232 0.018248
3 0.136291 0.838373 0.021379 0.072993
1 0.082977 0.623566 0.008819 0.030240
2 0.095003 0.630605 0.015232 0.016163
1 0.098076 0.606621 0.008552 0.030761
1 0.107563 0.619917 0.008819 0.036496
1 0.123731 0.685089 0.009621 0.030240
1 0.141235 0.680657 0.015232 0.017205
1 0.171032 0.516684 0.009086 0.031283
1 0.180385 0.635036 0.009086 0.029197
1 0.191342 0.635036 0.010689 0.033368
7 0.177579 0.880344 0.032870 0.075600
1 0.174773 0.803702 0.056654 0.086027
1 0.177044 0.708811 0.056387 0.102711
1 0.190673 0.587852 0.016301 0.055787
0 0.171165 0.578989 0.009353 0.029718
0 0.190673 0.511992 0.014164 0.017727
0 0.190807 0.531543 0.014965 0.018248
0 0.190807 0.550313 0.014965 0.017205
5 0.163549 0.550313 0.020844 0.022419
5 0.138429 0.618613 0.051309 0.087070
0 0.230893 0.883994 0.008017 0.029718
0 0.228087 0.859750 0.015232 0.016684
0 0.220470 0.831856 0.010155 0.029718
1 0.221272 0.795099 0.008017 0.030240
0 0.230893 0.794317 0.009086 0.029718
5 0.243987 0.832377 0.025655 0.032847
1 0.252806 0.869135 0.010155 0.030240
1 0.256280 0.797967 0.008017 0.029718
0 0.282202 0.822211 0.016569 0.076121
6 0.281133 0.904067 0.038482 0.058394
1 0.274452 0.736184 0.032603 0.031283
3 0.307857 0.779718 0.020310 0.072471
2 0.330572 0.873306 0.056120 0.099062
1 0.336852 0.765381 0.016836 0.065693
5 0.207910 0.619656 0.018172 0.042231
1 0.223009 0.623566 0.008819 0.029197
1 0.233164 0.623827 0.008284 0.030761
7 0.247996 0.501564 0.035810 0.166840
0 0.335516 0.243483 0.009353 0.030240
0 0.347274 0.244786 0.008819 0.029718
1 0.387360 0.873045 0.008284 0.029718
1 0.398584 0.877216 0.009888 0.035975
8 0.393105 0.821950 0.025655 0.068300
7 0.537547 0.843066 0.035542 0.076121
7 0.756013 0.581595 0.039551 0.224713
7 0.403127 0.455422 0.109834 0.053702
7 0.401523 0.523462 0.108231 0.055266
7 0.400454 0.602190 0.109300 0.052138
7 0.398985 0.672576 0.108498 0.051095
5 0.595404 0.580813 0.273116 0.448384
5 0.663014 0.618874 0.077499 0.226277
5 0.607563 0.599062 0.030732 0.296142
8 0.305585 0.121741 0.017370 0.069343
8 0.318413 0.121220 0.017370 0.069343
8 0.330438 0.122263 0.017370 0.069343
8 0.343533 0.120177 0.017370 0.069343
8 0.429850 0.113139 0.012026 0.041710
8 0.442010 0.114181 0.011758 0.044838
8 0.454303 0.114181 0.011758 0.044838
8 0.467531 0.113399 0.014164 0.051616
7 0.387360 0.120438 0.072956 0.046924
7 0.412881 0.823253 0.013362 0.068822