1 0.043457 0.370942 0.043945 0.043831
1 0.042480 0.602273 0.041992 0.038961
4 0.096680 0.846591 0.029297 0.024351
4 0.096680 0.883117 0.031250 0.025974
0 0.096191 0.913961 0.032227 0.022727
0 0.096680 0.944805 0.031250 0.029221
7 0.099121 0.400974 0.038086 0.405844
7 0.145508 0.495130 0.056641 0.805195
1 0.204102 0.426948 0.023438 0.019481
0 0.203613 0.587662 0.024414 0.045455
1 0.208496 0.676136 0.049805 0.086039
1 0.189941 0.727273 0.022461 0.019481
5 0.291992 0.886364 0.160156 0.217532
1 0.228027 0.502435 0.063477 0.105519
1 0.293457 0.499188 0.063477 0.105519
5 0.300781 0.319805 0.164062 0.201299
5 0.300781 0.107143 0.164062 0.204545
1 0.342285 0.443182 0.051758 0.042208
1 0.350098 0.543831 0.041992 0.045455
1 0.342285 0.644481 0.040039 0.042208
1 0.338379 0.766234 0.051758 0.035714
1 0.404785 0.905032 0.020508 0.011364
1 0.405273 0.844156 0.058594 0.090909
1 0.440918 0.797078 0.020508 0.019481
3 0.459961 0.846591 0.031250 0.056818
1 0.386230 0.611201 0.020508 0.021104
1 0.399902 0.568182 0.020508 0.019481
1 0.398926 0.381494 0.024414 0.022727
5 0.426758 0.476461 0.078125 0.173701
1 0.418457 0.289773 0.020508 0.017857
0 0.437012 0.219156 0.030273 0.025974
1 0.451172 0.287338 0.019531 0.016234
5 0.410645 0.703734 0.079102 0.167208
1 0.441895 0.110390 0.020508 0.016234
1 0.470215 0.111201 0.022461 0.017857
1 0.508301 0.163961 0.051758 0.077922
1 0.509277 0.271916 0.053711 0.082792
1 0.488281 0.382305 0.021484 0.017857
5 0.515625 0.475649 0.078125 0.162338
1 0.487305 0.566558 0.023438 0.022727
1 0.542969 0.612825 0.019531 0.017857
5 0.514648 0.703734 0.074219 0.163961
5 0.510254 0.873377 0.057617 0.090909
1 0.552734 0.903409 0.021484 0.017857
1 0.552246 0.844156 0.020508 0.019481
1 0.544434 0.797890 0.024414 0.021104
1 0.566895 0.135552 0.040039 0.040584
5 0.590332 0.090909 0.028320 0.035714
1 0.637207 0.058442 0.040039 0.038961
1 0.605957 0.158279 0.022461 0.021104
1 0.605469 0.237825 0.023438 0.021104
1 0.605469 0.313312 0.023438 0.025974
5 0.562988 0.360390 0.026367 0.035714
1 0.595215 0.391234 0.026367 0.019481
1 0.566895 0.390422 0.022461 0.021104
1 0.593262 0.938312 0.038086 0.042208
5 0.602051 0.875812 0.026367 0.050325
1 0.589844 0.829545 0.021484 0.016234
1 0.613281 0.791396 0.021484 0.017857
1 0.613770 0.713474 0.022461 0.017857
1 0.613770 0.567370 0.022461 0.017857
1 0.613281 0.636364 0.021484 0.019481
5 0.645020 0.805195 0.030273 0.042208
5 0.645508 0.728084 0.033203 0.047078
5 0.644043 0.649351 0.032227 0.042208
5 0.644531 0.582792 0.031250 0.045455
1 0.654785 0.528409 0.040039 0.043831
1 0.706055 0.530844 0.041016 0.045455
1 0.636230 0.428571 0.040039 0.042208
1 0.687988 0.426136 0.038086 0.050325
5 0.649414 0.360390 0.058594 0.077922
5 0.649902 0.283279 0.061523 0.076299
5 0.649414 0.206169 0.062500 0.074675
5 0.649414 0.128247 0.060547 0.071429
1 0.688477 0.056818 0.041016 0.042208
1 0.706055 0.103896 0.019531 0.019481
1 0.706543 0.129058 0.020508 0.014610
1 0.708008 0.164773 0.019531 0.014610
1 0.707031 0.184253 0.021484 0.017857
1 0.706543 0.204545 0.018555 0.019481
1 0.706543 0.243506 0.022461 0.016234
1 0.706543 0.266234 0.024414 0.019481
1 0.707520 0.288961 0.020508 0.012987
1 0.706543 0.321429 0.022461 0.019481
1 0.707031 0.345779 0.021484 0.016234
1 0.706055 0.366071 0.023438 0.017857
1 0.706055 0.391234 0.023438 0.019481
1 0.678223 0.572240 0.022461 0.017857
1 0.678711 0.594156 0.021484 0.022727
1 0.678223 0.641234 0.020508 0.019481
1 0.678711 0.663961 0.021484 0.016234
1 0.678223 0.718344 0.024414 0.021104
1 0.679199 0.741071 0.020508 0.017857
1 0.677734 0.796266 0.023438 0.021104
1 0.677734 0.819805 0.023438 0.019481
1 0.656250 0.916396 0.052734 0.086039
1 0.719727 0.914773 0.039062 0.040584
1 0.790039 0.159091 0.011719 0.038961
1 0.790039 0.228084 0.011719 0.037338
1 0.790039 0.312500 0.009766 0.040584
1 0.789551 0.389610 0.010742 0.035714
0 0.817871 0.066558 0.030273 0.025974
4 0.858887 0.066558 0.032227 0.025974
0 0.816895 0.150974 0.030273 0.029221
0 0.818359 0.219968 0.031250 0.024351
0 0.817383 0.298701 0.029297 0.025974
0 0.817383 0.382305 0.029297 0.024351
0 0.746582 0.567370 0.030273 0.024351
0 0.747559 0.599838 0.028320 0.021104
0 0.747559 0.659903 0.030273 0.024351
0 0.747559 0.689123 0.028320 0.024351
0 0.747070 0.722403 0.029297 0.022727
0 0.747070 0.753247 0.029297 0.025974
0 0.746582 0.813312 0.030273 0.025974
0 0.747070 0.844156 0.029297 0.022727
0 0.811035 0.935065 0.028320 0.025974
1 0.811523 0.899351 0.039062 0.042208
4 0.853027 0.936688 0.028320 0.022727
1 0.812012 0.850649 0.022461 0.019481
5 0.793457 0.788961 0.045898 0.100649
5 0.791992 0.633929 0.046875 0.095779
1 0.807129 0.696429 0.020508 0.019481
1 0.845703 0.552760 0.039062 0.040584
0 0.840332 0.613636 0.030273 0.025974
0 0.839844 0.643669 0.027344 0.024351
0 0.839355 0.675325 0.028320 0.022727
0 0.839844 0.705357 0.027344 0.024351
0 0.839355 0.736201 0.028320 0.024351
0 0.840332 0.766234 0.028320 0.025974
0 0.838867 0.797078 0.031250 0.025974
0 0.838867 0.827922 0.029297 0.029221
7 0.938965 0.247565 0.104492 0.410714
7 0.938477 0.750812 0.097656 0.426948
4 0.857910 0.090909 0.030273 0.019481
4 0.852051 0.910714 0.030273 0.019481