7 0.053435 0.334131 0.063250 0.470494
1 0.196292 0.136364 0.041439 0.106858
5 0.260632 0.210526 0.045802 0.111643
1 0.246456 0.126794 0.032715 0.023923
1 0.311887 0.112440 0.069793 0.062201
1 0.305889 0.208931 0.014177 0.051037
0 0.335878 0.208134 0.021810 0.071770
1 0.473828 0.247209 0.016358 0.054226
7 0.527263 0.118022 0.127590 0.191388
7 0.705016 0.117225 0.127590 0.186603
4 0.833697 0.199362 0.053435 0.038278
7 0.900763 0.321372 0.198473 0.189793
7 0.900763 0.585327 0.198473 0.188198
0 0.750818 0.248006 0.051254 0.039872
1 0.694656 0.333333 0.037077 0.025518
0 0.653217 0.358054 0.023991 0.074960
0 0.604689 0.344498 0.049073 0.038278
0 0.548528 0.345295 0.050164 0.039872
1 0.351690 0.354864 0.042530 0.094099
1 0.389313 0.353270 0.019629 0.087719
3 0.130862 0.191388 0.061069 0.082935
1 0.246456 0.291866 0.034896 0.028708
1 0.278081 0.338118 0.069793 0.063796
1 0.328244 0.433812 0.037077 0.028708
1 0.173391 0.350877 0.067612 0.060606
0 0.107415 0.362839 0.025082 0.074960
1 0.206107 0.527911 0.034896 0.025518
0 0.139586 0.577352 0.032715 0.041467
2 0.202290 0.615630 0.055616 0.051037
1 0.253544 0.659490 0.018539 0.052632
1 0.294984 0.660287 0.016358 0.057416
1 0.343511 0.659490 0.019629 0.055821
5 0.285714 0.541467 0.087241 0.129187
1 0.360414 0.506380 0.038168 0.030303
0 0.434024 0.499203 0.050164 0.038278
0 0.547983 0.559011 0.051254 0.036683
0 0.604144 0.559011 0.052345 0.036683
0 0.652126 0.541467 0.023991 0.078150
1 0.693021 0.554226 0.040349 0.033493
1 0.499455 0.429027 0.019629 0.057416
1 0.499455 0.500000 0.017448 0.055821
5 0.546347 0.458533 0.047983 0.068581
1 0.603053 0.434609 0.037077 0.030303
1 0.603599 0.470494 0.035987 0.028708
8 0.725736 0.414673 0.103599 0.041467
8 0.723555 0.513557 0.105780 0.041467
0 0.627590 0.649920 0.035987 0.043062
0 0.732279 0.650718 0.033806 0.041467
7 0.487459 0.881978 0.126499 0.188198
7 0.310251 0.884370 0.129771 0.192982
1 0.391494 0.742424 0.017448 0.052632
1 0.424209 0.744019 0.017448 0.055821
0 0.434024 0.404306 0.050164 0.039872
4 0.790076 0.184211 0.020720 0.081340
0 0.636859 0.235247 0.039258 0.027113
0 0.595965 0.233652 0.038168 0.027113
7 0.726281 0.476077 0.113413 0.033493
7 0.721374 0.379585 0.103599 0.035088