8 0.210503 0.119642 0.097846 0.066539
1 0.348294 0.115963 0.033513 0.071337
2 0.402902 0.113084 0.068522 0.077095
5 0.487433 0.113084 0.068821 0.054702
0 0.548474 0.115483 0.028725 0.058221
7 0.683273 0.090051 0.176242 0.167946
1 0.797427 0.155790 0.027528 0.060141
7 0.859814 0.230966 0.038001 0.250800
11 0.789797 0.314939 0.075105 0.244722
1 0.852932 0.405950 0.022442 0.056942
5 0.665769 0.337172 0.145422 0.158029
0 0.532615 0.170345 0.055057 0.028471
0 0.532615 0.198656 0.053262 0.029431
0 0.447636 0.196417 0.055057 0.030070
0 0.389437 0.195937 0.056553 0.025912
5 0.530820 0.279910 0.083184 0.119002
5 0.340515 0.339411 0.191502 0.133077
1 0.171604 0.366123 0.054159 0.025912
11 0.186565 0.520953 0.100239 0.119322
0 0.293686 0.484165 0.055955 0.028471
0 0.292789 0.519194 0.054159 0.029431
1 0.317475 0.601887 0.032316 0.071977
1 0.246709 0.734645 0.031418 0.072617
0 0.497157 0.396513 0.024237 0.058541
1 0.527828 0.397473 0.025733 0.060461
1 0.576002 0.846129 0.025135 0.058861
1 0.605775 0.846129 0.026631 0.058861
1 0.634500 0.847409 0.024237 0.059501
1 0.676990 0.819418 0.031418 0.072617
1 0.714243 0.818938 0.029922 0.071657
1 0.747008 0.821497 0.026032 0.061420
5 0.786655 0.840531 0.043686 0.040627
1 0.856074 0.855246 0.066427 0.035509
1 0.854129 0.817658 0.054159 0.027511
5 0.805655 0.621561 0.084081 0.149712
5 0.499850 0.622361 0.293537 0.318298
7 0.279773 0.125080 0.043088 0.055662